<?xml version="1.0" encoding="utf-8" ?><rss version="2.0" xml:base="http://www.innerbody.com/anatomy_image/75749/2/feed" xmlns:georss="http://www.georss.org/georss" xmlns:gml="http://www.opengis.net/gml" xmlns:dc="http://purl.org/dc/elements/1.1/">
  <channel>
    <title></title>
    <link>http://www.innerbody.com/anatomy_image/75749/2/feed</link>
    <description></description>
    <language>en</language>
          <item>
    <title>Anatomy Poly: MU-Female-Anterior 88777</title>
    <link>/node/88777</link>
     <georss:polygon xmlns:georss="http://www.georss.org/georss">2240.7358722359036 1207.0024570024566 2230.1400491400727 1230.958230958229 2219.237100737116 1249.3857493857467 2206.3378378378457 1264.434889434885 2193.438574938575 1276.4127764127707 2171.9398034397936 1288.0835380835347 2147.9840294840096 1296.683046683046 2130.0939803439587 1298.7561425061426 2112.2039312039074 1299.600737100738 2076.423832923805 1297.6044226044255 2004.2493857493496 1295.4545454545525 1897.062653562645 1297.604422604404 1828.1130221130263 1300.5221130220807 1780.738943488955 1303.2094594594207 1743.1928746928927 1309.582309582265 1647.9840294840292 1331.0810810810742 1509.4705159705084 1346.7444717444855 1420.557739557728 1362.868550368573 1368.4999999999832 1372.8501228501543 1333.4877149877207 1398.341523341518 1298.1683046683208 1416.6154791154554 1266.9950859951073 1425.7524570024234 1243.1928746929 1442.260442260398 1238.8931203931506 1433.3538083537737 1240.1216216216562 1423.2186732186487 1263.1560196560458 1405.712530712502 1212.0196560196778 1409.858722358691 1143.6842751842946 1416.461916461883 1137.5417690417896 1407.8624078623914 1144.9127764128 1400.4914004914 1235.2076167076405 1375.9213759213958 1135.084766584795 1371.6216216216521 1126.7923832924116 1368.0896805896934 1125.8710073710342 1362.1007371007327 1130.24754299757 1357.6090294840221 1141.9950859951127 1354.345823095812 1185.1461916462163 1352.7334152333965 1233.364864864889 1340.9090909090557 1230.9078624078877 1335.6879606879295 1182.9963144963413 1332.463144963117 1145.5270270270532 1331.1578624078356 1142.4557739558004 1323.7100737100486 1147.3697788698087 1318.3353808353595 1153.5122850123182 1316.6461916461733 1238.2788697789101 1309.582309582297 1237.0503685503993 1301.5970515970546 1172.5540540540815 1300.061425061435 1167.6400491400723 1292.9975429975598 1176.085995086013 1287.9299754299918 1185.7604422604547 1285.319410319426 1231.1382063882163 1282.7856265356418 1276.5159705159779 1283.937346437361 1336.0214987715024 1288.467444717459 1361.1289926289937 1294.226044226059 1421.9398034397968 1284.2444717444864 1578.5737100736928 1246.0073710073855 1658.4262899262671 1228.7315724815874 1698.9668304668032 1226.197788697802 1749.335380835349 1212.6074938575066 1798.4754299753938 1203.9312039312154 1833.3341523341128 1197.0208845208967 1866.964373464331 1195.024570024582 1936.6818181817691 1193.488943488955 2139.6916461916853 1199.324324324338 2193.1314496314894 1203.009828009844 2240.7358722359036 1207.0024570024566 </georss:polygon>
 <pubDate>Fri, 23 Mar 2012 00:34:36 +0000</pubDate>
 <dc:creator>adminhtdtadmin</dc:creator>
 <guid isPermaLink="false">88777 at http://www.innerbody.com</guid>
  </item>
  <item>
    <title>Anatomy Poly: MU-Female-Anterior 88776</title>
    <link>/node/88776</link>
     <georss:polygon xmlns:georss="http://www.georss.org/georss">2233.671990172032 776.1056511056559 2227.068796068793 763.974201474203 2219.851351351303 752.4570024570006 2207.8734643734297 738.6363636363617 2194.667076167055 726.0442260442237 2178.6965601965526 718.0589680589658 2162.418918918925 711.302211302209 2146.9090909090924 707.1560196560183 2126.7923832923807 704.238329238329 2105.4471744471675 703.163390663392 2082.8734643734538 703.9312039312064 2013.4631449631074 707.0024570024594 1921.6326781326404 706.0810810810832 1818.7457002456636 700.859950859953 1753.02088452086 695.0245700245722 1693.438574938562 683.046683046685 1632.474201474199 669.2260442260446 1570.895577395585 662.7764127764118 1456.337837837866 647.4201474201436 1411.8046683046857 637.5921375921337 1362.9717444717517 628.992628992625 1341.472972972952 612.407862407858 1316.9029484029 594.59459459459 1259.470515970498 573.4029484029459 1245.0356265356374 563.2678132678132 1241.0429975429988 574.3243243243248 1248.1068796068707 585.3808353808364 1264.998771498769 600.276412776413 1202.0380835380913 591.2162162162163 1152.590909090925 588.2985257985257 1138.7702702702938 591.5233415233416 1141.8415233415458 601.0442260442237 1234.5933660933858 626.5356265356223 1213.9391891892099 631.9103194103152 1182.228501228522 629.9140049140013 1156.8906633906838 632.0638820638792 1144.9127764127966 631.4496314496298 1132.0135135135326 633.2923832923844 1127.5601965602148 638.5135135135148 1130.5930589680759 645.5006142506156 1148.367936117953 649.4164619164635 1166.1428132678304 649.6468058968075 1182.7083845209022 650.0691031941047 1200.512054668322 649.6660012285028 1218.3157248157415 652.9484029484046 1232.1363636363787 660.9336609336626 1225.9938574938687 667.6904176904195 1201.3278562653672 671.3375307125324 1196.317874692886 670.6848894348908 1179.5411547911654 670.6081081081091 1165.029484029495 670.4545454545456 1155.0479115479245 669.5331695331681 1143.0700245700384 675.6756756756723 1142.0622696560335 680.0618089680559 1143.1923948095962 684.8438459766555 1159.678785319424 689.6258829852552 1173.6097972973105 690.5904484029456 1186.336302211315 690.7632063882036 1203.1898034398162 689.8802211302186 1228.2972972973116 692.4140049140032 1236.7432432432604 693.7960687960683 1237.6646191646396 699.0171990172012 1211.0982800982933 702.5491400491422 1191.9797297297396 700.629606879609 1172.8611793611858 706.0810810810833 1170.0970515970419 711.9164619164641 1221.6173218673061 719.5178132678158 1245.4963144962956 716.6769041769064 1258.8562653562408 718.3660933660955 1302.7751842751463 716.8304668304692 1350.6867321867403 710.073710073707 1379.7628608722428 710.846322174444 1404.5392352579913 715.304437960685 1426.4507063882113 718.692414004911 1458.6028869778918 726.6968673218647 1505.7082309582331 738.4060196560172 1535.4226044226052 746.4680589680573 1562.679975429973 754.5300982800973 1585.0233415233363 758.9066339066338 1614.814496314478 765.9705159705189 1651.26643120391 773.482489058664 1672.9763513513312 775.4662066185532 1689.9834152333947 778.2051405098309 1703.1130221130015 779.9975046068827 1708.4877149876943 780.5109797297326 1715.551597051577 780.9236793611819 1725.37960687959 782.363329238332 1732.1363636363492 784.0141277641301 1737.0503685503588 785.4729729729745 1745.035626535626 787.7764127764135 1753.0208845209017 789.3120393120377 1760.2383292383474 791.3083538083526 1779.1265356265556 796.9901719901708 1804.6179361179586 800.9828009827999 1831.644963144984 805.2825552825542 1859.570571636998 809.1396172450851 1908.9949516277843 808.0826742936108 1950.1041538697982 805.9687883906621 1985.6851005835572 805.0834037162155 2023.7230497543183 804.8122696560188 2043.2878915847855 804.8842521498759 2070.5308660933847 804.9562346437331 2096.454161547931 804.1788237100723 2122.377457002478 802.1729115479105 2147.446560196581 800.2917690417684 2164.415233415255 798.9864864864866 2190.981572481596 796.6830466830479 2210.3304668304977 793.9189189189207 2224.4582309582643 791.7690417690436 2238.2788697789056 789.6191646191666 2233.671990172032 776.1056511056559 </georss:polygon>
 <pubDate>Fri, 23 Mar 2012 00:29:50 +0000</pubDate>
 <dc:creator>adminhtdtadmin</dc:creator>
 <guid isPermaLink="false">88776 at http://www.innerbody.com</guid>
  </item>
  <item>
    <title>Anatomy Poly: MU-Female-Anterior 89227</title>
    <link>/node/89227</link>
     <georss:polygon xmlns:georss="http://www.georss.org/georss">1302.1609336609324 1024.5700245699934 1515.92014742015 1236.4864864865176 1405.7389434889458 1254.2229729730036 1345.9262899262862 1258.4459459459763 1277.8212530712433 1259.597665847699 1219.54422604421 1257.0638820639151 1188.3710073709767 1254.4533169533518 1151.899877149839 1248.2340294840667 1112.1655405404986 1240.8246314496705 1089.2271191645752 1234.662929975469 1061.173141891847 1227.8965755528652 1033.6326397419707 1222.0563958845598 1002.40663390659 1214.3734643735029 973.536855036835 1207.3095823095953 944.9742014741936 1201.9348894348896 934.9926289926266 1201.7045454545398 882.7045454545458 1202.203624078615 855.9462530712548 1199.3819103193996 844.6498003685523 1198.3693565724707 830.8963452088473 1197.3568028255418 808.3034398034425 1199.6314496314374 781.2764127764128 1203.6240786240667 753.0208845208836 1206.2346437346328 730.9078624078604 1206.3114250614142 703.2665847665824 1205.7355651105538 665.4901719901693 1204.2191339066226 607.289926289924 1196.7041615479 550.932432432429 1188.5749385749257 458.41093366093037 1178.1710687960583 363.43243243242915 1170.224201474193 287.80282555282236 1166.884213759207 269.9127764127734 1167.229729729724 251.1781326781295 1171.0687960687962 228.45085995085694 1170.147420147432 213.70884520884266 1164.6191646192017 180.46253071252792 1171.6830466830763 157.69686732186443 1178.2862407862663 134.93120393120097 1187.3464373464583 126.17813267812929 1196.5601965602002 108.67199017198558 1203.931203931176 94.85135135134801 1199.4778869778695 89.01597051596828 1196.253071253064 89.6302211302212 1187.3464373464496 86.71253071253078 1182.2020884521035 86.25184275184286 1173.9864864865046 81.64496314496328 1168.6117936118176 78.57371007371023 1164.0049140049498 80.41646191646201 1156.8642506142764 85.9447174447175 1150.337837837854 81.03071253071255 1148.3415233415192 76.11670761670756 1143.1203931203484 76.8077395577394 1134.520884520844 82.41277641277622 1127.7641277640926 81.3378378378376 1117.9361179360915 76.7309582309579 1110.5651105651 72.12407862407828 1099.201474201483 73.04545454545413 1087.837837837866 79.78301597051558 1079.823786855067 83.449324324324 1076.1094901720212 96.31019656019622 1072.3664004914317 104.21867321867296 1071.022727272759 112.664619164619 1069.5638820639144 119.72850122850132 1070.331695331727 138.77027027027097 1075.5528255528595 189.7530712530705 1074.0171990172328 220.1584766584751 1072.6351351351686 241.96437346437122 1068.7960687961022 253.32800982801052 1069.1031941032284 271.4484029484064 1074.3243243243587 294.78992628992756 1078.9312039312304 319.35995085995 1081.0810810811 359.9004914004923 1082.9238329238556 413.34029484029685 1078.6240786241021 468.3157248157272 1072.481572481597 521.4484029484057 1065.1105651105902 562.9103194103229 1055.8968058967962 585.1769041769081 1051.9041769041492 606.2149877149919 1049.140049140003 648.9054054054084 1046.683046683044 681.3839066339094 1047.6044226044305 713.8624078624105 1050.9828009828193 788.0331695331726 1060.8108108108502 818.4385749385739 1059.2751842751875 839.1695331695303 1056.0503685503552 875.6790540540509 1051.251535626518 913.4170761670728 1047.6812039311817 979.0651105651062 1047.2972972972643 1022.0626535626498 1046.0687960687642 1093.315724815721 1042.2297297296977 1149.2125307125284 1034.0909090908783 1213.4017199017185 1030.558968058937 1302.1609336609324 1024.5700245699934 </georss:polygon>
 <pubDate>Fri, 23 Mar 2012 21:55:26 +0000</pubDate>
 <dc:creator>adminhtdtadmin</dc:creator>
 <guid isPermaLink="false">89227 at http://www.innerbody.com</guid>
  </item>
  <item>
    <title>Anatomy Poly: MU-Female-Anterior 89226</title>
    <link>/node/89226</link>
     <georss:polygon xmlns:georss="http://www.georss.org/georss">1512.234643734604 764.1277641277666 1302.160933660937 975.4299754299774 1282.5049140049173 974.5085995086002 1261.620393120396 973.587223587223 1220.4656019656043 972.665847665846 1199.273955773958 971.5909090909066 1161.6511056511079 969.8249385749358 1112.7414004914028 964.0279484029458 1064.445945945948 958.845208845206 954.8022113022115 953.624078624078 907.965601965601 954.0847665847667 863.6627764127749 950.6296068796079 817.5171990171968 943.4889434889452 787.7260442260454 942.2604422604414 701.5773955773984 955.1597051597032 614.8144963145007 953.9312039312008 555.5393120393153 945.0245700245669 496.2641277641298 933.6609336609304 393.6842751842779 923.8329238329226 352.22235872236166 920.1474201474201 326.1934889434919 920.1474201474203 300.16461916462214 921.3759213759217 277.20700245700556 925.6756756756764 249.335380835384 933.0466830466843 239.20024570024492 933.6609336609323 223.6904176904149 929.0540540540514 201.19348894348525 926.7506142506111 153.70423832923413 928.6701474201437 142.8588759213714 926.5586609336569 123.30843058967602 932.2596744471704 104.98648648648184 931.8181818181783 95.46560196559939 928.4398034397992 85.1769041769027 926.7506142506103 79.4183046683037 922.2205159705119 73.04545454545412 915.8476658476618 72.12407862407835 908.1695331695291 73.659705159705 896.1916461916421 82.25921375921348 886.0565110565091 82.25921375921345 875.4606879606872 78.57371007370978 871.3912776412772 76.73095823095792 865.6710687960687 76.73095823095792 856.879606879607 80.72358722358693 855.3439803439829 87.01965601965568 851.5049140049179 81.56818181818151 844.67137592138 79.45669533169507 840.0261056511101 79.18796068796048 835.3808353808399 87.48034398034383 828.0098280098324 86.09828009828001 823.0958230958272 90.93550368550359 818.1818181818225 89.05436117936111 812.6535626535668 89.01597051597051 806.5110565110606 94.54422604422632 799.7542997542979 101.3009828009819 797.9115479115493 118.80712530712378 800.0614250614279 136.77395577395387 813.4213759213793 157.4281326781307 823.7868550368589 216.16584766584538 837.2235872235914 227.22235872235592 833.2309582309595 238.27886977886678 831.2346437346437 253.0208845208813 831.464987714987 277.59090909090605 835.2656633906623 387.5417690417659 828.2305743243231 513.4631449631418 818.7384828009814 632.6277641277609 801.8753839066325 652.8980343980314 799.5863406019638 696.5098280098249 796.2919417997526 738.8931203931171 795.454545454544 761.3132678132663 796.3759213759204 825.9631449631437 802.9791154791145 846.617321867321 803.2094594594585 872.185503685503 799.1400491400477 917.6400491400705 798.8329238329247 952.038083538116 799.2936117936139 971.0798525798907 794.6099508599533 1022.9840294840702 784.8971130221155 1075.3488943489363 769.5984336609364 1145.5270270270698 755.5282555282587 1225.379606879649 743.8574938574968 1315.9815724815749 742.936117936121 1355.984643734636 743.7807125307154 1395.987714987697 747.0823095823123 1435.3765356265076 750.3839066339092 1474.4198402948064 756.6415847665872 1512.234643734604 764.1277641277666 </georss:polygon>
 <pubDate>Fri, 23 Mar 2012 21:40:21 +0000</pubDate>
 <dc:creator>adminhtdtadmin</dc:creator>
 <guid isPermaLink="false">89226 at http://www.innerbody.com</guid>
  </item>
  <item>
    <title>Anatomy Poly: MU-Female-Anterior 88765</title>
    <link>/node/88765</link>
     <georss:polygon xmlns:georss="http://www.georss.org/georss">2498.8746928745727 869.0110565110351 2555.6928746927 871.4680589680389 2572.738329238163 874.99999999998 2589.169533169375 880.988943488923 2603.143734643585 887.2850122849916 2616.5036855035446 895.4238329238116 2639.845208845049 916.6154791154587 2649.9803439801753 929.3611793611591 2658.579852579675 943.949631449611 2662.111793611658 956.5417690417638 2664.7991400490273 968.3660933660954 2666.872235872146 981.418918918928 2666.8722358721016 1008.4459459459346 2664.415233415077 1020.7309582309374 2660.8832923831255 1032.2481572481308 2656.122850122673 1043.1511056510737 2646.4484029482373 1057.5859950859485 2634.6240786239255 1068.9496314495702 2632.0135135133623 1079.2383292383097 2629.4029484027988 1086.1486486486713 2623.5675675674393 1094.901719901727 2612.664619164502 1105.727886977886 2598.767199017088 1113.2908476658426 2584.255528255424 1119.625307125298 2563.2174447173334 1125.7678132677952 2532.7352579851436 1132.6781326781097 2497.9533169532 1137.1314496314221 2457.412776412649 1137.8992628992366 2420.5577395576 1136.5171990171748 2332.7199017197536 1120.2395577395464 2310.2997542996304 1116.5540540540503 2302.775184275072 1118.7039312039324 2287.265356265257 1108.5687960688017 2278.3587223586296 1121.1609336609401 2261.159705159547 1152.1805896805238 2241.196560196405 1202.9330466829947 2231.9828009826474 1187.6535626535303 2229.2186732185187 1182.2788697788737 2227.3759213757767 1177.057739557685 2224.6117936116534 1164.1584766584324 2221.5405405404044 1153.716216216183 2218.8531941030587 1144.5792383292041 2215.858722358588 1135.1351351351002 2211.328624078491 1117.3986486486115 2210.791154791022 1093.2125307124925 2209.5626535625233 1056.6646191645775 2209.1019656018348 1033.5534398034115 2208.027027026896 1010.7493857493708 2208.334152334021 995.2395577395703 2208.641277641146 972.2051597051562 2209.562653562522 948.2493857493664 2210.1769041767725 929.97542997541 2210.7911547910226 909.8587223587019 2210.484029483897 890.0491400491198 2211.712530712398 870.5466830466622 2214.169533169393 852.4262899262633 2219.160319410175 831.38820638818 2228.7579852578383 814.6498771498512 2240.582309582158 794.6867321867056 2256.706388206227 837.0700245699994 2260.2383292381614 847.819410319386 2264.2309582308258 855.6511056510813 2279.587223587125 887.43857493855 2297.7076167075 907.09459459457 2329.9557739556494 902.7948402948183 2331.0307125305835 900.6449631449417 2301.1627764126465 898.6486486486282 2295.4425675674374 895.1934889434684 2295.039465601836 880.5666461916261 2305.0786240784946 867.7825552825353 2336.0982800981237 871.7751842751613 2353.6044226042413 875.4606879606617 2364.9680589678896 875.6142506142262 2384.3937346435696 872.5813882063642 2418.5614250612616 866.4772727272497 2434.071253071098 863.1756756756531 2458.334152333997 863.1756756756532 2479.679361179223 865.7862407862192 2498.8746928745727 869.0110565110351 </georss:polygon>
 <pubDate>Thu, 22 Mar 2012 23:30:38 +0000</pubDate>
 <dc:creator>adminhtdtadmin</dc:creator>
 <guid isPermaLink="false">88765 at http://www.innerbody.com</guid>
  </item>
  <item>
    <title>Anatomy Poly: MU-Female-Anterior 88779</title>
    <link>/node/88779</link>
     <georss:polygon xmlns:georss="http://www.georss.org/georss">2138.1560196560013 803.4398034398056 2182.3820638820575 798.8329238329235 2238.8931203931243 790.5405405405377 2218.9299754299827 832.0024570024545 2211.2518427518517 893.1203931203918 2208.1805896806 934.2751842751838 2207.5663390663462 1055.282555282558 2210.6375921375957 1128.3783783783852 2216.7800982800923 1144.9631449631372 2222.9226044225916 1162.7764127763924 2229.0651105650886 1181.8181818181474 2240.1216216215976 1204.545454545407 2025.7481572481424 1195.3316953316473 1954.8022113022112 1193.1818181817798 1773.7518427518492 1174.2936117935778 1731.795609090655 1174.3788004300136 1730.293611793648 827.3955773955778 1788.6474201474375 826.4742014742004 1967.3943488943487 805.8968058968029 2008.5491400491383 803.4398034398005 2044.7899262899239 805.896805896803 2138.1560196560013 803.4398034398056 </georss:polygon>
 <pubDate>Fri, 23 Mar 2012 00:46:36 +0000</pubDate>
 <dc:creator>adminhtdtadmin</dc:creator>
 <guid isPermaLink="false">88779 at http://www.innerbody.com</guid>
  </item>
  <item>
    <title>Anatomy Poly: MU-Female-Anterior 89231</title>
    <link>/node/89231</link>
     <georss:polygon xmlns:georss="http://www.georss.org/georss">1302.7751842744028 977.2727272726758 1313.8316953309043 985.257985257934 1322.431203930403 1000.6142506141999 1315.674447173658 1017.8132678131974 1304.0036855029082 1025.1842751841848 1516.5343980336052 1236.4864864863898 1558.4570024562095 1228.5012285011396 1620.035626534834 1210.6879606878797 1713.7088452080525 1177.518427518362 1729.0651105643174 1175.061425061392 1729.6793611785579 826.1670761670329 1713.0945945938063 825.5528255527815 1622.7997542989733 792.6904176903731 1532.5049140041406 769.6560196559749 1509.1633906626173 764.7420147419698 1302.7751842744028 977.2727272726758 </georss:polygon>
 <pubDate>Fri, 23 Mar 2012 22:24:36 +0000</pubDate>
 <dc:creator>adminhtdtadmin</dc:creator>
 <guid isPermaLink="false">89231 at http://www.innerbody.com</guid>
  </item>
  </channel>
</rss>