<?xml version="1.0" encoding="utf-8" ?><rss version="2.0" xml:base="http://www.innerbody.com/anatomy_image/89186/2/feed" xmlns:georss="http://www.georss.org/georss" xmlns:gml="http://www.opengis.net/gml" xmlns:dc="http://purl.org/dc/elements/1.1/">
  <channel>
    <title></title>
    <link>http://www.innerbody.com/anatomy_image/89186/2/feed</link>
    <description></description>
    <language>en</language>
          <item>
    <title>Anatomy Poly: IM-LY-Female-Anterior 89603</title>
    <link>/node/89603</link>
     <georss:polygon xmlns:georss="http://www.georss.org/georss">1366.0429975428694 1257.9852579852 1329.18796068783 1141.8918918918444 1288.6474201472863 1028.255528255491 955.1093366092019 1047.297297297241 870.1124078622732 1050.2917690417103 810.4149262897913 1057.9315110564514 765.4594594593243 1055.7432432431822 651.9766584765235 1046.9901719901056 574.350737100602 1054.8986486485799 494.267813267678 1067.7211302210592 334.10196560183 1081.081081081005 289.87592137578696 1078.9312039311285 250.5638820637488 1068.1818181817423 217.24078624065316 1073.9020270269514 181.46068796055508 1074.7082309581554 129.71007370994096 1073.6716830466073 108.13452088438822 1070.6964066338307 73.04545454532193 1080.006142506067 70.18535012271754 1105.8286624692123 82.06726044212787 1119.3661701473454 76.34705159691904 1136.6131756756013 82.10565110551863 1163.7361793611049 91.16584766571538 1200.7831695330945 113.08691646178416 1204.823786854962 138.7894656018333 1188.416577088377 164.49201474188246 1176.9233722357967 208.33415233402008 1167.805589680514 227.2223587222267 1169.2260442259694 316.9029484028176 1170.7616707615962 393.7034705158398 1173.4490171989432 527.0150491399183 1187.1928746928008 632.0710995084688 1198.4797297296561 737.1271498770193 1207.3095823095089 852.6830466829164 1198.4029484028758 975.686732186602 1210.0737100736396 1116.0429975428685 1243.243243243177 1187.449631449503 1251.8427518426877 1256.399262899135 1257.985257985196 1325.3488943487669 1259.2137592136992 1344.4674447173168 1258.5995085994496 1366.0429975428694 1257.9852579852 </georss:polygon>
 <pubDate>Sun, 25 Mar 2012 11:17:47 +0000</pubDate>
 <dc:creator>adminhtdtadmin</dc:creator>
 <guid isPermaLink="false">89603 at http://www.innerbody.com</guid>
  </item>
  <item>
    <title>Anatomy Poly: IM-LY-Female-Anterior 89602</title>
    <link>/node/89602</link>
     <georss:polygon xmlns:georss="http://www.georss.org/georss">1366.0429975428847 744.4717444717476 1284.9619164618075 970.5159705159775 878.3280098279176 949.6314496314535 797.5540540539658 945.6388206388236 618.4999999999166 956.3882063882085 492.73218673210556 935.3501228501248 429.8482800982001 927.2880835380854 366.9643734642946 924.1400491400509 329.87899262891483 922.2205159705175 292.793611793535 925.2149877149891 245.88022113014537 934.3519656019669 218.62285012277528 931.2039312039321 184.60872235864747 928.9772727272737 155.50859950852455 931.6646191646201 140.95853808346308 929.9370393120404 101.83845208837717 933.1234643734657 72.73832923825432 917.3832923832937 79.69663697781208 884.3961148648661 79.28393734636244 858.7799447174457 80.91554054046563 834.5746314496325 89.09275184267695 820.5620393120404 88.24815724808235 804.8218673218689 96.38697788690297 797.9115479115504 121.7248157247408 804.5147420147446 154.433660933586 820.945945945949 188.37100737093243 832.4631449631481 223.53685503678008 835.3808353808384 298.47542997535504 832.9238329238367 373.41400491393 825.55282555283 643.6842751841908 802.2113022113064 781.2764127763237 796.6830466830506 918.8685503684565 798.5257985258022 1144.912776412673 757.9852579852616 1201.4238329237273 749.0786240786275 1262.8488943487864 745.0859950859984 1320.588452088342 742.3218673218706 1366.0429975428847 744.4717444717476 </georss:polygon>
 <pubDate>Sun, 25 Mar 2012 11:12:08 +0000</pubDate>
 <dc:creator>adminhtdtadmin</dc:creator>
 <guid isPermaLink="false">89602 at http://www.innerbody.com</guid>
  </item>
  <item>
    <title>Anatomy Poly: IM-LY-Female-Anterior 89588</title>
    <link>/node/89588</link>
     <georss:polygon xmlns:georss="http://www.georss.org/georss">2244.4213759211084 1201.4742014742076 2054.0036855034 1203.9312039312 1899.2125307122474 1196.560196560208 1845.1584766581939 1198.4029484029638 1780.0479115476287 1205.1597051597248 1708.7948402945585 1221.1302211302443 1583.487714987433 1244.4717444717717 1424.9342751839974 1282.4017199017464 1362.5686425058648 1294.3412162162426 1313.2342406324008 1285.3913928132945 1266.9710918301894 1281.355574324351 1220.0936924137275 1282.5408860565374 1170.7592905402635 1289.8687039312297 1168.819362330804 1294.6075514435154 1170.9206512973274 1300.355353578037 1234.010607819901 1300.7722521882954 1239.142809668411 1300.9807014934242 1236.180655064411 1308.4559335169956 1193.9781999514942 1310.9389921371398 1151.7757448385773 1315.8790532142864 1143.3570735094447 1323.276116748435 1142.8332415303817 1330.6601522010128 1149.3280822976071 1333.7379193130512 1225.6713257770423 1334.6625522548186 1234.3589180327313 1337.5818711827055 1234.4029598608213 1342.7270343321527 1184.6706810205665 1351.4421220493816 1131.867149109059 1354.6289542383572 1125.8296174367633 1362.5266335227557 1130.848596820977 1371.6528140356545 1180.6553838103814 1376.6765922527927 1233.5334238710384 1374.9436137131736 1233.893036413268 1377.817514780434 1187.6070181729044 1388.0568745681333 1165.0782596669733 1393.1765544619832 1144.3922530037935 1398.2962343558331 1137.9875731219413 1406.3336046673735 1139.0849874807698 1412.8092922801459 1147.5534092106047 1415.5994762074151 1267.0701052501272 1403.6737015558103 1252.5041289455648 1411.8385783577723 1242.1498877220306 1422.0635229012587 1239.4297695672662 1432.0900000870065 1242.8521575550071 1439.6594748157524 1259.104529978034 1428.9567277238457 1264.9146419588 1426.853489231447 1285.7486251340918 1420.190009789647 1294.2975960243712 1416.5977834191008 1304.0750681431514 1414.2340582770555 1319.8434332767515 1406.0076589373741 1340.323652487439 1392.0118627150155 1368.384828009552 1372.619778869807 1404.2992936115188 1364.9032555282834 1435.9140049137316 1358.415233415261 1608.4416461913777 1335.534398034425 1778.512285012021 1304.0540540540806 1913.3402948400496 1299.7542997543255 1978.911547911312 1296.990171990197 2044.4828009825744 1297.9115479115724 2108.8255528253358 1298.8329238329477 2131.0537469285314 1298.4490171990408 2153.281941031727 1295.6081081081315 2173.168304668097 1287.46928746931 2201.7309582307344 1269.6560196560383 2221.694103193864 1249.385749385764 2244.4213759211084 1201.4742014742076 </georss:polygon>
 <pubDate>Sun, 25 Mar 2012 01:25:45 +0000</pubDate>
 <dc:creator>adminhtdtadmin</dc:creator>
 <guid isPermaLink="false">89588 at http://www.innerbody.com</guid>
  </item>
  <item>
    <title>Anatomy Poly: IM-LY-Female-Anterior 89589</title>
    <link>/node/89589</link>
     <georss:polygon xmlns:georss="http://www.georss.org/georss">2240.7358722359168 793.6117936117977 2100.6867321867603 799.7542997543014 1955.7235872236 804.6683046683039 1929.0036855036903 806.357493857493 1904.7407862407833 808.0466830466821 1856.2149877149695 808.9680589680579 1768.3771498771173 796.3759213759201 1518.3771498771 743.2432432432413 1446.6058046682556 725.2188267813251 1410.7201320638333 718.0493703931189 1374.8344594594112 712.108415233414 1324.0851985546635 715.036799925257 1272.7216870356654 720.4221870741023 1225.6579298164208 719.6650680804415 1176.7514207544252 715.222445401277 1168.9554292273579 710.7433764955027 1169.1446956855482 704.4215557469765 1176.2799853586853 700.9916734636838 1208.2924249089724 700.3259189445189 1239.0763632307583 702.1171668823564 1238.133492439279 692.6973920489396 1150.2526648612336 684.9143534386171 1142.5530373129975 681.022834133456 1142.224417135768 674.6743123712921 1151.3951866093191 668.1197749894708 1234.761311186572 667.7001512607114 1234.4173932649103 661.9468988891883 1209.9825350411807 655.3847690179228 1185.5476768174508 651.2796416036599 1136.6779603699915 647.9833916891391 1127.120283234571 643.1515152389919 1127.3906159271598 633.4056338748396 1135.302288683345 631.1128883455524 1183.5337462928537 627.4701617566589 1208.2637257118586 626.8772996907134 1232.9937051308636 627.5129388532691 1233.0448426942087 623.998543554206 1146.5377812115607 604.0704900568165 1138.450098136085 597.9455296471882 1138.9619236601172 590.5920680090585 1147.3565820791887 585.7131545608094 1207.1434419148777 591.9258436348265 1266.9303017505667 599.3670339373449 1244.4069794225559 582.448748464372 1239.9008753070773 571.9537008599495 1241.9451781326304 560.791615479114 1262.7769118549902 574.8665924447159 1284.5564150798054 582.5183315417676 1306.3359183046205 588.3273187960673 1340.3740402333679 610.080428439802 1372.569410319364 631.8335380835367 1492.5402334151881 651.067260442259 1617.4250614250175 666.6154791154775 1790.1830466830088 699.3243243243237 1948.1990171989855 705.0061425061426 2052.160933660907 705.7739557739565 2117.5786240786083 702.3955773955788 2168.254299754297 712.5307125307152 2202.345208845216 732.1867321867351 2213.0945945946146 744.4717444717476 2220.926289926316 756.1425061425094 2228.7579852580175 767.8132678132713 2235.975429975468 780.7125307125345 2240.7358722359168 793.6117936117977 </georss:polygon>
 <pubDate>Sun, 25 Mar 2012 01:38:37 +0000</pubDate>
 <dc:creator>adminhtdtadmin</dc:creator>
 <guid isPermaLink="false">89589 at http://www.innerbody.com</guid>
  </item>
  <item>
    <title>Anatomy Poly: IM-LY-Female-Anterior 89587</title>
    <link>/node/89587</link>
     <georss:polygon xmlns:georss="http://www.georss.org/georss">1767.7628992629086 828.0098280099675 1771.4484029484076 1174.447174447305 1754.8636363636351 1173.2186732188095 1726.3009828009785 1176.2899262900653 1705.8387592137547 1180.666461916601 1685.376535626531 1187.5000000001394 1627.2530712530659 1209.766584766725 1564.4075552825493 1225.5067567568974 1501.562039312033 1238.7899262900676 1439.9450245700177 1248.3875921377337 1375.871007371 1255.5282555283975 1308.3034398034306 1013.2063882065275 1315.6744471744348 999.385749385887 1306.4606879606727 981.879606879742 1383.2420147419975 743.2432432433764 1494.1142506142403 760.4422604423951 1604.986486486483 785.0122850124213 1653.2051597051618 800.3685503686883 1694.7438574938617 818.9496314497701 1731.3685503685567 827.7027027028421 1767.7628992629086 828.0098280099675 </georss:polygon>
 <pubDate>Sun, 25 Mar 2012 00:59:36 +0000</pubDate>
 <dc:creator>adminhtdtadmin</dc:creator>
 <guid isPermaLink="false">89587 at http://www.innerbody.com</guid>
  </item>
  <item>
    <title>Anatomy Poly: IM-LY-Female-Anterior 89306</title>
    <link>/node/89306</link>
     <georss:polygon xmlns:georss="http://www.georss.org/georss">2296.018427518419 868.5503685503637 2366.657248157253 873.7714987714954 2414.875921375931 866.5540540540511 2435.914004914017 864.1738329238302 2456.9520884521035 864.2506142506119 2530.6621621622 868.5503685503688 2565.060196560232 873.4643734643724 2599.4582309582643 883.2923832923811 2619.1142506142824 896.191646191643 2638.7702702703 914.00491400491 2648.9054054054304 927.2113022112933 2659.0405405405604 945.3316953316817 2666.718673218688 962.2235872235688 2669.4828009828116 984.029484029461 2668.2542997543055 1013.5135135134811 2660.883292383294 1040.5405405404988 2640.6130221130156 1066.9533169532829 2631.092137592128 1087.5307125306824 2607.904176904166 1108.8759213758938 2579.8022113022 1124.0786240785988 2539.2616707616608 1133.599508599481 2483.979115479107 1138.2063882063583 2428.082309582303 1137.8992628992305 2372.185503685499 1127.7641277640923 2332.8734643734556 1121.0073710073532 2286.190417690406 1117.9361179361179 2284.9619164619066 893.12039312039 2290.490171990163 880.8353808353768 2296.018427518419 868.5503685503637 </georss:polygon>
 <pubDate>Sat, 24 Mar 2012 12:07:33 +0000</pubDate>
 <dc:creator>adminhtdtadmin</dc:creator>
 <guid isPermaLink="false">89306 at http://www.innerbody.com</guid>
  </item>
  <item>
    <title>Anatomy Poly: IM-LY-Female-Anterior 89307</title>
    <link>/node/89307</link>
     <georss:polygon xmlns:georss="http://www.georss.org/georss">2275.1339066339 874.69287469287 2277.5909090909067 1122.8501228501025 2243.192874692865 1196.5601965601998 2014.6916461916337 1195.33169533171 1961.2518427518298 1195.6388206388383 1934.5319410319278 1193.3353808353997 1907.8120393120257 1188.5749385749589 1775.133906633891 1175.6756756757013 1773.9054054054052 830.46683046683 1906.276412776411 813.8820638820625 1982.13636363636 809.5823095823077 2240.7358722358667 799.7542997542977 2275.1339066339 874.69287469287 </georss:polygon>
 <pubDate>Sat, 24 Mar 2012 12:15:22 +0000</pubDate>
 <dc:creator>adminhtdtadmin</dc:creator>
 <guid isPermaLink="false">89307 at http://www.innerbody.com</guid>
  </item>
  </channel>
</rss>