<?xml version="1.0" encoding="utf-8" ?><rss version="2.0" xml:base="http://www.innerbody.com/anatomy_image/90430/2/feed" xmlns:georss="http://www.georss.org/georss" xmlns:gml="http://www.opengis.net/gml" xmlns:dc="http://purl.org/dc/elements/1.1/">
  <channel>
    <title></title>
    <link>http://www.innerbody.com/anatomy_image/90430/2/feed</link>
    <description></description>
    <language>en</language>
          <item>
    <title>Anatomy Poly: SK-Male-Anterior 91699</title>
    <link>/node/91699</link>
     <georss:polygon xmlns:georss="http://www.georss.org/georss">1819.3599508599216 794.8402948402687 1823.0454545454204 1207.6167076167037 1711.8660933660758 1212.8378378378266 1620.3427518427513 1220.5159705159517 1437.2960687961026 1240.7862407862076 1264.6916461916865 1004.2997542997247 1423.7825552826039 760.4422604422336 1614.200245700255 780.0982800982537 1819.3599508599216 794.8402948402687 </georss:polygon>
 <pubDate>Tue, 27 Mar 2012 02:05:13 +0000</pubDate>
 <dc:creator>adminhtdtadmin</dc:creator>
 <guid isPermaLink="false">91699 at http://www.innerbody.com</guid>
  </item>
  <item>
    <title>Anatomy Poly: SK-Male-Anterior 91709</title>
    <link>/node/91709</link>
     <georss:polygon xmlns:georss="http://www.georss.org/georss">1427.4680589679933 1245.7002457002013 1250.563882063809 1008.5995085995 1126.4852579851945 1018.4275184274876 888.1560196559651 1060.1965601965076 821.4330466829922 1064.6498771498254 754.7100737100194 1064.1891891891382 645.8341523340981 1050.9828009827513 389.5380835380296 1084.4594594594112 266.3040540540002 1072.9422604422125 143.07002456997083 1068.7960687960215 80.87714987709636 1076.4742014741555 96.46375921370577 1204.391891891847 112.0503685503152 1221.7444717444273 184.14803439798112 1183.8144963144525 295.5577395576864 1177.8255528255097 498.7211302210773 1205.1597051596632 582.1056511055982 1220.2088452088046 665.4901719901192 1230.3439803439408 710.8679361178832 1231.7260442260051 756.2457002456473 1228.1941031940644 822.4312039311512 1221.1302211301836 939.75307125302 1232.1867321867 1196.50982800977 1255.5282555282176 1322.4312039311426 1254.914004913964 1427.4680589679933 1245.7002457002013 </georss:polygon>
 <pubDate>Tue, 27 Mar 2012 02:55:40 +0000</pubDate>
 <dc:creator>adminhtdtadmin</dc:creator>
 <guid isPermaLink="false">91709 at http://www.innerbody.com</guid>
  </item>
  <item>
    <title>Anatomy Poly: SK-Male-Anterior 91708</title>
    <link>/node/91708</link>
     <georss:polygon xmlns:georss="http://www.georss.org/georss">1416.4115479115076 756.7567567567413 1254.2493857493255 993.8574938574775 1170.7113022112542 991.4004914004756 1052.775184275142 970.5159705159552 934.83906633903 954.54545454544 848.0761670761303 943.3353808353658 815.1369778869412 938.3445945945793 782.1977886977521 935.8108108107956 679.4643734643363 947.9422604422448 659.6164004913633 950.0537469287314 639.7684275183904 952.1652334152179 618.691953316916 951.8197174447018 439.1388206387837 923.2186732186573 397.12983722355034 922.8251689189028 355.12085380831695 922.4316646191485 311.88336916458235 925.7236640048978 271.1028869778502 931.4726658476498 228.37407862404177 934.8126535626378 87.97942260438583 934.4671375921217 78.59050598890671 913.7913659397873 86.40060657244481 852.5750537469124 94.6498003685136 796.4814957002293 120.97619778866103 789.9454852579686 190.82800982797298 823.5565110564947 272.79207616703906 826.8964987714828 327.72911547907836 822.8654791154634 468.31572481568736 807.4324324324167 526.5159705159333 798.0651105650946 650.2106879606506 772.4969287469128 704.6870393120017 771.3835995085833 759.1633906633529 778.8697788697627 821.8169533169156 783.1695331695167 850.6867321866944 783.4766584766419 884.4705159704783 780.0982800982632 996.26412776409 767.81326781325 1098.843980343942 753.6855036854862 1203.8808353807963 744.4717444717274 1416.4115479115076 756.7567567567413 </georss:polygon>
 <pubDate>Tue, 27 Mar 2012 02:48:31 +0000</pubDate>
 <dc:creator>adminhtdtadmin</dc:creator>
 <guid isPermaLink="false">91708 at http://www.innerbody.com</guid>
  </item>
  <item>
    <title>Anatomy Poly: SK-Male-Anterior 91704</title>
    <link>/node/91704</link>
     <georss:polygon xmlns:georss="http://www.georss.org/georss">2248.1068796068103 754.2997542996575 1917.6400491400013 764.1277641276623 1742.5786240785458 735.2579852578849 1682.6124078623263 726.1210073709068 1606.1957923832092 723.836762899162 1564.177211302127 719.0955159704155 1480.140049139963 697.3280098279092 1411.511939496228 680.1721821252062 1377.1978846743607 672.8227695023559 1342.8838298524934 670.3873617935108 1279.3376842750968 682.7587530711525 1206.2994471743593 680.4745085994085 1144.8395942105997 682.2512764894582 1143.1460560790738 665.581480583822 1210.2485867436164 658.7396945061961 1113.495417114469 652.4271297219515 1110.1083408514162 643.6575624807044 1114.092271959371 634.8879952394575 1201.6142866054104 631.4931208729033 1204.3697164848631 625.6412440493467 1101.772468135661 618.8514953162386 1101.737676596963 596.6724892505138 1199.0616074169889 592.3067509980565 1113.3388551903295 573.1989980035844 1116.3405251841868 554.6395116706601 1223.0809659090035 560.5180820023571 1211.9548717750965 543.801347512185 1213.113789926201 534.4556203930202 1281.770692567478 549.5479499384749 1344.2850890662485 586.7533015969515 1406.6603194102286 589.9109336608334 1544.3676289925365 584.113943488843 1615.678286240693 581.2154484028479 1648.8766124077688 585.9087070023566 1679.617936117842 593.0589680588679 1779.5872235871223 609.1830466829472 1828.343366093261 614.7880835379842 1877.0995085994 617.9361179360187 1929.310810810703 623.4643734642729 1979.0651105650036 633.9066339065321 2019.6056511055451 632.6781326780296 2043.1007371006312 630.6818181817149 2062.9103194102136 628.6855036854002 2104.9864864863807 629.606879606776 2137.84889434879 635.4422604421568 2170.711302211199 646.1916461915425 2192.8243243242296 662.7764127763105 2214.9373464372597 684.2751842750835 2236.4361179360394 721.744471744373 2248.1068796068103 754.2997542996575 </georss:polygon>
 <pubDate>Tue, 27 Mar 2012 02:29:11 +0000</pubDate>
 <dc:creator>adminhtdtadmin</dc:creator>
 <guid isPermaLink="false">91704 at http://www.innerbody.com</guid>
  </item>
  <item>
    <title>Anatomy Poly: SK-Male-Anterior 91706</title>
    <link>/node/91706</link>
     <georss:polygon xmlns:georss="http://www.georss.org/georss">2250.5638820639106 1240.7862407861974 1927.4680589681063 1243.2432432431945 1702.6523341523525 1271.4987714987308 1654.7407862407886 1278.255528255491 1597.6154791154745 1279.1769041768696 1420.4041769041694 1320.1781326780992 1388.3863636363553 1327.3571867321537 1356.3685503685413 1332.0792383292055 1246.9551597051498 1318.373771498739 1141.2272727272623 1321.86732186729 1139.2309582309479 1333.6916461916178 1213.1713759213662 1343.2893120392853 1113.7779484029386 1348.0881449631188 1111.992782555273 1367.6865786240526 1209.3802979115383 1375.028792997517 1105.7399032555184 1384.8424063267557 1104.0651105651004 1406.941031941007 1205.3396805896716 1411.6246928746698 1113.4708230958138 1425.023034398012 1119.8820638820541 1447.020884520863 1221.7708845208756 1442.4907862407658 1210.061732186723 1460.496007370988 1213.0945945945857 1468.6732186732002 1281.3148034397943 1456.2730343980168 1343.3925061424968 1414.3888206388035 1444.206388206379 1415.386977886962 1559.7622850122757 1418.842137592124 1617.540233415224 1419.3412162162035 1675.3181818181727 1412.4692874692755 1768.9914004913926 1394.3488943488906 2005.4778869778813 1372.8501228501323 2077.6523341523293 1375.6142506142673 2113.739557739553 1372.0823095823298 2149.826781326777 1368.5503685503925 2183.3034398034406 1354.7297297297455 2206.9520884520934 1335.9950859950932 2232.1363636363762 1293.6117936117835 2250.5638820639106 1240.7862407861974 </georss:polygon>
 <pubDate>Tue, 27 Mar 2012 02:35:07 +0000</pubDate>
 <dc:creator>adminhtdtadmin</dc:creator>
 <guid isPermaLink="false">91706 at http://www.innerbody.com</guid>
  </item>
  <item>
    <title>Anatomy Poly: SK-Male-Anterior 90431</title>
    <link>/node/90431</link>
     <georss:polygon xmlns:georss="http://www.georss.org/georss">2316.902948402988 882.0638820638782 2318.131449631489 1114.2506142506088 2353.757985258025 1089.6805896805834 2383.2420147420553 1090.2948402948336 2411.4975429975843 1093.3660933660867 2428.6965601966017 1107.3210995085926 2440.9815724816135 1123.7331081081018 2477.836609336651 1127.07309582309 2496.264127764168 1127.6105651105581 2512.54176904181 1119.2797911547839 2530.0479115479525 1124.4625307125239 2606.8292383292787 1120.0859950859883 2659.654791154831 1091.523341523335 2682.9963144963563 1030.7125307125252 2682.9963144963563 974.8157248157198 2673.1683046683465 928.7469287469245 2620.342751842794 882.6781326781287 2533.1191646192065 878.3783783783742 2513.463144963184 881.4496314496272 2496.2641277641665 874.3857493857453 2449.58108108112 876.9963144963106 2422.5540540540924 902.8716216216181 2367.271498771538 912.1237714987684 2352.2223587223984 909.2156787469255 2337.173218673259 902.622082309579 2316.902948402988 882.0638820638782 </georss:polygon>
 <pubDate>Mon, 26 Mar 2012 12:40:30 +0000</pubDate>
 <dc:creator>adminhtdtadmin</dc:creator>
 <guid isPermaLink="false">90431 at http://www.innerbody.com</guid>
  </item>
  <item>
    <title>Anatomy Poly: SK-Male-Anterior 90432</title>
    <link>/node/90432</link>
     <georss:polygon xmlns:georss="http://www.georss.org/georss">2255.4778869779 764.1277641277627 2304.617936117948 869.7788697788671 2308.30343980345 1132.678132678131 2253.020884520892 1233.4152334152304 1931.1535626535822 1238.3292383292353 1826.7309582309886 1206.3882063882024 1825.5024570024075 793.6117936117978 1932.3820638820455 770.2702702702715 2255.4778869779 764.1277641277627 </georss:polygon>
 <pubDate>Mon, 26 Mar 2012 13:06:45 +0000</pubDate>
 <dc:creator>adminhtdtadmin</dc:creator>
 <guid isPermaLink="false">90432 at http://www.innerbody.com</guid>
  </item>
  </channel>
</rss>