<?xml version="1.0" encoding="utf-8" ?><rss version="2.0" xml:base="http://www.innerbody.com/anatomy_image/93688/2/feed" xmlns:georss="http://www.georss.org/georss" xmlns:gml="http://www.opengis.net/gml" xmlns:dc="http://purl.org/dc/elements/1.1/">
  <channel>
    <title></title>
    <link>http://www.innerbody.com/anatomy_image/93688/2/feed</link>
    <description></description>
    <language>en</language>
          <item>
    <title>Anatomy Poly: CA-Female-Posterior </title>
    <link>/node/97895</link>
     <georss:polygon xmlns:georss="http://www.georss.org/georss">2654.126535625947 954.5454545454548 2644.2985257979453 942.2604422604451 2632.0135135129426 927.5184275184325 2625.1031941026167 909.3980343980382 2618.1928746922913 899.8771498771529 2609.439803439214 892.81326781327 2599.4582309576354 886.9778869778885 2569.359950859328 877.1498771498757 2536.8046683040566 869.1646191646179 2503.0208845202797 863.9434889434875 2465.551597051 862.4078624078611 2426.239557738954 864.2506142506129 2367.885749385139 874.6928746928737 2327.9594594588425 881.4496314496332 2314.4459459453174 882.6781326781373 2300.0110565104283 881.4496314496346 2294.022113021485 889.1277641277665 2288.647420146792 887.5921375921392 2273.905405404793 895.5773955773954 2275.1339066333076 952.7027027027009 2275.1339066333 1007.3710073710064 2274.5196560190384 1050.9828009828025 2275.287469286853 1100.0460687960679 2292.9471744465563 1108.8759213759195 2301.546683046062 1097.896191646192 2304.925061424436 1105.0368550368553 2297.0549754293506 1106.4957002456983 2296.248771498146 1109.1830466830427 2303.2358722352446 1109.6437346437272 2304.9250614244315 1115.4791154790998 2297.246928746298 1123.1572481572289 2301.8538083531794 1128.07125307123 2305.2321867315504 1133.906633906604 2352.683046682416 1126.5356265355965 2363.278869778248 1126.5356265355945 2382.0135135129117 1130.2211302210942 2423.1683046677226 1136.9778869778488 2448.352579852006 1138.2063882063485 2469.237100736535 1136.9778869778459 2541.10442260386 1131.449631449605 2559.9926289920663 1128.3783783783554 2575.1953316947697 1125.3071253071062 2597.0012285006687 1117.9361179361065 2616.042997542433 1108.1081081081059 2635.084766584198 1092.1375921375995 2649.826781326207 1074.3243243243494 2659.6547911542043 1057.1253071253004 2667.0257985252 1038.0835380835 2669.175675675076 1018.5810810810518 2668.86855036795 999.0786240786038 2664.568796068194 977.2727272727254 2654.126535625947 954.5454545454548 </georss:polygon>
 <pubDate>Wed, 04 Apr 2012 02:34:49 +0000</pubDate>
 <dc:creator>adminhtdtadmin</dc:creator>
 <guid isPermaLink="false">97895 at http://www.innerbody.com</guid>
  </item>
  <item>
    <title>Anatomy Poly: CA-Female-Posterior </title>
    <link>/node/97897</link>
     <georss:polygon xmlns:georss="http://www.georss.org/georss">2270.21990171951 950.8599508599382 2270.219901719511 976.0442260442153 2270.2199017195126 1003.685503685495 2270.2199017195103 1060.1965601965621 2270.834152333763 1111.1793611793753 2271.448402948016 1143.7346437346694 2251.1781326777614 1183.0466830466944 2214.3230958227323 1186.42506142507 2175.0110565107016 1187.3464373464424 2100.072481572142 1191.6461916461897 2033.8869778866397 1195.0245700245696 1998.4140049136688 1195.9459459459472 1935.453316952982 1192.260442260448 1913.4938574935227 1189.6498771498875 1862.0503685500362 1180.8968058968217 1800.3181818178505 1175.0614250614517 1770.8341523337403 1174.447174447204 1770.2199017194923 827.0884520884429 1820.1277641273668 823.7100737100637 1861.4361179357327 819.4103194103087 1928.0823095819483 808.3538083537962 1942.8243243239651 806.9717444717318 1955.4164619161043 806.5110565110433 1967.0872235868678 806.6646191646055 1979.0651105647569 807.1253071252927 2039.8759213755663 807.2788697788551 2090.8587223583672 810.5036855036708 2168.2542997539485 816.9533169533028 2224.765356264984 816.9533169533076 2249.9496314492476 814.4963144963062 2268.3771498767555 851.3513513513446 2268.3771498767483 871.6216216216156 2269.6056511052548 903.5626535626476 2270.21990171951 950.8599508599382 </georss:polygon>
 <pubDate>Wed, 04 Apr 2012 02:38:16 +0000</pubDate>
 <dc:creator>adminhtdtadmin</dc:creator>
 <guid isPermaLink="false">97897 at http://www.innerbody.com</guid>
  </item>
  <item>
    <title>Anatomy Poly: CA-Female-Posterior </title>
    <link>/node/97900</link>
     <georss:polygon xmlns:georss="http://www.georss.org/georss">2249.3353808351017 810.5036855036915 2242.5786240783495 791.7690417690479 2236.7432432429728 775.7985257985318 2228.450859950597 758.5995085995139 2220.0049140046603 746.1609336609382 2210.330466830223 735.5651105651143 2203.3817567565025 729.3074324324359 2195.818796068531 723.0497542997575 2181.307125306839 714.2199017199044 2168.331081080772 708.461302211304 2149.6540233412093 702.8754606879623 2133.7410933657743 700.0537469287486 2119.670915233091 698.9212223587238 2097.0012285009 699.0171990172 2057.996314496013 700.8599508599563 1952.4987714984827 703.009828009835 1896.0644963142145 699.7850122850201 1847.308353808078 698.095823095832 1823.8132678129734 696.713759213765 1793.0623464370467 695.139742014747 1764.1541769038722 692.9514742014784 1681.7678132675 675.3685503685537 1648.5982800979755 668.4582309582349 1614.50737100707 662.8531941031991 1540.1830466827487 655.7509213759262 1495.1891891888938 651.7390970516018 1462.4803439800494 647.1130221130269 1397.6769041766036 636.210073710079 1377.7137592134504 633.5995085995138 1370.342751842456 632.831695331701 1353.7579852577028 617.9361179361249 1331.9520884517992 604.7297297297374 1321.6633906630982 598.4336609336692 1318.4193796065863 596.917229729738 1310.5013052822621 595.2376382063966 1303.504606879314 592.9437960688047 1296.7286547908616 590.8131142506229 1289.952702702409 588.2217444717533 1272.7152948400008 583.6532555282648 1269.7112254296812 580.4764281326875 1266.0929054051112 577.29960073711 1263.1560196557245 575.5528255528349 1260.238329238037 573.863636363645 1258.2420147417256 573.710073710081 1257.4742014739184 582.9238329238373 1257.6277641274796 586.6861179361221 1258.2420147417288 589.6805896805937 1259.54729729701 592.8286240786281 1260.6990171987284 594.9017199017239 1264.9987714984798 599.3550368550408 1270.5270270267322 603.8083538083578 1258.2420147417095 602.8869778869823 1222.1547911544842 600.2764127764194 1179.1572481569406 597.9729729729827 1168.94533169504 597.8194103194198 1164.5304054051212 598.280098280108 1162.4285165844842 598.8559582309678 1160.7873157245353 599.5853808353904 1159.530021498493 600.3148034398131 1158.4262899260132 601.5049140049235 1157.5433046680262 603.1845055282645 1157.2745700242895 604.480190417699 1157.4665233412409 606.3133445946027 1157.812039311755 607.9161547911624 1158.637438574653 609.75410780099 1159.7699631446765 611.1313728501298 1162.3421375918485 613.1180896805961 1165.874078623787 614.7592905405464 1170.0202702699764 616.0933660933715 1178.0823095820003 617.398648648651 1206.6449631446683 624.0402334152357 1230.9078624075737 628.4359643734665 1243.1928746925937 631.2960687960712 1242.2714987711906 632.7549140049199 1238.0485257982036 633.6378992629072 1198.6597051593717 633.2923832923926 1186.9121621618551 634.904791154801 1182.2860872232868 636.114097051607 1177.0457616704678 637.6305282555383 1150.7481572478796 643.3507371007471 1149.3468980341206 643.9457923833015 1148.7230497540227 644.3968826781413 1148.0992014739245 645.0783169533253 1147.6193181815413 646.0572788697864 1147.139434889158 647.1898034398101 1146.976274569748 648.1207770270332 1147.0434582306816 649.0517506142563 1147.2258138817876 650.2898495086048 1147.3937730341218 650.9472896191696 1147.7152948400187 651.4511670761717 1148.221571713483 652.1445984336655 1148.5742859333848 652.5309044840338 1149.4332770267506 653.2267352579893 1152.3029791152026 654.771959459463 1155.441415847389 656.278792997546 1160.0386977884204 657.4785012285039 1200.0417690414374 658.1695331695387 1219.4674447171426 660.4729729729773 1234.2478501225619 664.1584766584801 1242.8857493854762 667.6904176904204 1238.278869778612 671.222358722362 1233.9023341520804 672.8731572481604 1229.2186732184234 673.6025798525831 1206.9520884518474 674.7542997543031 1188.8316953314238 675.8292383292404 1169.022113021811 677.9791154791163 1167.46729115449 678.382217444719 1166.1428132675128 678.8621007371032 1165.514166154491 679.2028178746954 1164.8855190414693 679.6203163390691 1164.2568719284473 680.1913774570052 1163.6282248154255 680.8392199017228 1163.1147496925753 681.5638436732216 1162.7548372232882 682.3652487715019 1162.3565340906102 683.3586071867354 1162.0350122847137 684.1216216216247 1161.7902718055984 684.8270500614285 1161.6990939800457 685.3789158476694 1161.6703009825035 686.5594287469326 1161.9198402945437 688.1526412776458 1162.6612599812763 689.6186847358766 1163.4026796680082 690.6240402334197 1164.2976620083032 691.5526144041814 1165.192644348598 692.1740632678177 1166.2027986790647 692.7187308046726 1167.2129530095315 693.148226351356 1168.5686233105143 693.5009405712577 1169.7707309579346 693.7384828009875 1172.5540540537577 694.1031941031996 1239.5073710071 696.2530712530747 1243.1928746926021 696.8673218673267 1244.4981572478846 697.3088144963194 1245.8034398031673 698.3645577395628 1246.7248157245424 699.5546683046737 1247.108722358449 700.5720208845265 1247.1471130218397 702.3859797297353 1246.724815724542 703.5856879606936 1245.6882678129944 704.4782708845265 1244.8052825550094 704.9101658476716 1243.384828009555 705.649186117942 1241.6572481569747 706.0810810810871 1202.8058968056016 706.8488943488994 1197.9686732183727 707.0984336609387 1193.131449631144 707.8086609336657 1190.8759981569413 708.3893197174493 1188.6205466827384 709.0467598280144 1186.6722205156611 709.8193719287513 1184.7238943485836 710.745546683051 1184.2320139738904 711.0970611947216 1183.8936962527594 711.4485757063924 1183.5553785316288 711.8768715448444 1183.2938421372794 712.3819487100778 1182.7707693485813 713.5456656941072 1182.6244049444044 714.1659148495125 1182.6316031937897 714.786164004918 1182.8763436729043 715.9114903255567 1183.4282094591442 717.0752073095861 1183.9608799136886 717.816626996318 1184.87745700214 718.6732186732221 1185.539695945629 719.1531019656061 1186.125153562337 719.4794226044272 1187.9775030709359 720.1896498771555 1190.0601965598792 720.7463144963208 1193.2274262896094 721.533323095831 1196.7785626532461 722.0899877149968 1224.7653562650562 723.6640049140138 1239.3538083535168 724.3166461916553 1248.2604422601553 723.6448095823189 1257.1670761667935 723.4336609336704 1282.5433046680203 723.1649262899357 1309.148034397748 720.4391891891984 1364.8144963142072 710.0737100737188 1440.3673218670551 724.5085995086059 1513.4631449629012 740.1719901719943 1644.9127764125 770.8845208845281 1712.4803439801012 779.4840294840319 1735.8218673216031 785.0122850122877 1774.5196560193829 792.3832923832954 1844.5442260439436 802.8255528255556 1945.8955773953103 802.8255528255536 2033.6566339063638 802.4800368550381 2095.964680589408 806.6070331695349 2127.1187039309307 808.6705313267834 2157.6584766582023 811.3482800982823 2202.3452088449353 813.7285012285046 2225.2260442257684 812.7303439803486 2242.19471744444 811.0027641277692 2249.3353808351017 810.5036855036915 </georss:polygon>
 <pubDate>Wed, 04 Apr 2012 02:43:12 +0000</pubDate>
 <dc:creator>adminhtdtadmin</dc:creator>
 <guid isPermaLink="false">97900 at http://www.innerbody.com</guid>
  </item>
  <item>
    <title>Anatomy Poly: CA-Female-Posterior </title>
    <link>/node/97901</link>
     <georss:polygon xmlns:georss="http://www.georss.org/georss">2250.87100737103 1185.9811880836633 2231.369108138539 1188.3871889128013 2212.174334213174 1190.1789391276889 2181.153562653573 1191.0319410319328 2126.4852579852836 1194.4103194103093 2065.0601965602327 1197.0208845208729 2017.762899262944 1199.0171990171866 1995.9570024570444 1199.170761670749 1972.9226044226434 1198.0958230958104 1931.1535626535956 1197.1744471744344 1897.8304668304972 1196.7137592137465 1863.8931203931481 1198.710073710061 1829.1879606879816 1201.474201474188 1763.1560196560358 1210.9950859950704 1698.3525798525914 1226.6584766584579 1655.6621621621723 1230.6511056511038 1608.1345208845303 1238.0988943488965 1554.464373464383 1251.6891891891948 1458.180589680599 1276.41277641279 1362.9717444717733 1292.997542997555 1352.9901719902055 1289.9262899263022 1347.3851351351711 1288.3906633906759 1342.3943488943873 1287.4692874692998 1313.6781326781768 1282.5552825552954 1305.2705773956222 1280.558968058981 1290.106265356311 1278.869778869792 1240.2367936118428 1277.6412776412915 1197.7959152334645 1279.7143734643867 1192.5219978501723 1280.309428746942 1189.0908323096319 1280.9044840294973 1188.1178689343249 1281.2068105036983 1186.7609989251112 1281.816262285025 1185.9032075399762 1282.2721514127893 1184.8918535012783 1283.0351658476789 1183.995671452753 1283.7597896191778 1183.470799101709 1284.3140548218807 1183.0994894042274 1284.9451013513647 1182.6639953163892 1286.0536317567698 1182.5998109260333 1286.7614596130352 1182.6124078624584 1287.546068796082 1182.8475506757259 1288.4818412162292 1183.0802940725316 1289.1416807432558 1183.236256142556 1289.5711762899386 1183.5649761978384 1290.0774531634029 1184.1240402334643 1290.7372926904302 1184.7214949324812 1291.3203508906756 1185.4725122850605 1291.8266277641399 1186.129952395625 1292.3017122235992 1186.9793458231425 1292.738406019668 1188.7165233415692 1293.2662776412888 1197.584766584808 1294.0724815724905 1243.8071253071578 1296.2223587223648 1244.6709152334458 1296.471898034403 1245.6114864865153 1296.798218673223 1246.5712530712779 1297.6812039312072 1247.1471130221337 1298.7945331695346 1247.3390663390828 1299.9078624078627 1246.801597051605 1301.980958230955 1246.1489557739606 1303.0558968058922 1245.1891891891905 1303.6701474201411 1243.5767813267812 1304.1308353808286 1242.0027641277627 1304.3611793611722 1235.4379606879559 1304.8986486486413 1201.2702702702634 1305.5128992628904 1177.0457616707536 1306.376689189179 1175.0302518427425 1306.6166308353702 1173.0915233415128 1307.086916461906 1168.9069410319282 1308.1042690417582 1166.2675829238194 1309.18400644962 1164.9479038697652 1309.8774378071137 1163.7817874692737 1310.6476504913887 1162.6732570638683 1311.6290118243126 1161.8718519655883 1312.8407171375802 1161.5311348279959 1313.8220784705038 1161.497542997529 1315.110565110553 1161.8046683046557 1316.7517659705038 1162.265356265345 1318.085841523329 1162.9179975429877 1319.0360104422475 1163.5706388206304 1319.67905405404 1164.875921375916 1320.734797297282 1167.0257985257963 1322.0976658476495 1168.8685503685547 1322.9806511056331 1170.7113022113128 1323.5565110564914 1173.254683660945 1324.1659628378181 1175.9516277641394 1324.4682893120194 1182.4204545454681 1324.7658169532963 1194.1296068796237 1325.667997542976 1206.836916461936 1326.2630528255308 1219.7745700245928 1326.5509828009594 1225.9938574938833 1327.1460380835138 1231.7524570024855 1328.2017813267564 1235.8410626535926 1329.2287315724561 1239.0082923833238 1330.5628071252809 1240.947020884554 1331.7433200245434 1241.6092598280436 1332.5639204545184 1241.964373464408 1333.5380835380563 1241.8108108108395 1334.2291154791064 1241.350122850145 1335.0737100737194 1240.4287469287683 1335.726351351365 1239.2002457002657 1336.2254299754482 1236.0522113022282 1337.4539312039583 1232.7122235872382 1338.4520884521198 1228.7579852579975 1339.4502457002816 1221.8476658476786 1340.8227119164987 1212.17321867323 1342.3487407862788 1204.2647420147532 1343.3804898649037 1196.3562653562763 1344.1051136364026 1159.9619164619285 1343.6348280098684 1156.2764127764244 1344.6233875921787 1153.74262899264 1345.7703086609756 1151.6695331695441 1346.9940110565533 1150.287469287479 1347.8721974816149 1149.2125307125402 1348.848759981615 1148.4447174447264 1349.5949785012715 1147.964834152343 1350.2452203624512 1147.7920761670848 1350.8954622236306 1147.7536855036942 1352.1959459459897 1147.7728808353893 1353.7987561425493 1148.4063267813356 1355.7086916462345 1149.6924140049236 1357.580236486529 1150.9785012285117 1358.3768427518846 1170.4041769041867 1362.7917690418085 1183.3802211302313 1365.4407248157625 1196.1259213759317 1368.0128992629354 1240.966216216226 1368.320024570057 1242.0027641277738 1368.876689189221 1242.6554054054154 1369.4333538083843 1242.501842751853 1370.2203624078923 1241.7340294840396 1370.5466830467115 1204.7254299754413 1378.7622850123064 1166.565110565124 1386.8243243243385 1163.3786855036908 1388.167997543008 1161.8622542997555 1389.2237407862494 1160.3458230958202 1390.5866093366167 1158.7910012284935 1392.6021191646244 1158.167152948393 1393.9169993857538 1157.8504299754184 1395.2318796068832 1157.8408323095678 1397.084229115481 1158.2199401105495 1398.9317797911565 1158.906173218657 1400.6257678132692 1159.6499923218496 1401.5135519041778 1160.3938114250423 1402.0942106879609 1161.9822251228306 1402.6748694717444 1163.5706388206188 1402.948402948402 1171.613482800961 1403.274723587223 1177.3528869778625 1403.2939189189185 1191.442260442232 1402.8716216216205 1221.0798525798166 1401.8734643734638 1226.5889127763787 1401.4319717444712 1270.6421990171643 1398.0727886977884 1264.0965909090576 1403.6202395577384 1261.3084689803109 1406.4659474815712 1258.5203470515644 1410.8472819410304 1257.740536701442 1413.3450744778852 1257.2678516584444 1415.8428670147402 1257.5509828009508 1420.9920147420125 1258.39557739555 1427.2113022113 1261.31326781325 1426.597051597048 1267.14864864864 1422.2972972972927 1272.9840294840296 1417.690417690412 1275.8057432432443 1416.2891584766537 1278.6274570024586 1415.502149877146 1290.2598280098307 1413.0067567567544 1302.7751842751898 1408.3230958230965 1316.4422604422718 1405.7125307125373 1320.1661547911692 1404.1769041769132 1323.582923832941 1402.3341523341642 1331.6065724815928 1396.8058968059117 1350.0724815725034 1386.0565110565299 1369.2486179361401 1370.7578316953502 1372.5406173218896 1369.5581234643917 1378.9038697788917 1368.5119778869957 1386.8699324324548 1367.6481879607047 1397.2929975430202 1366.3237100737258 1423.628992629017 1361.640049140061 1461.9428746929002 1354.9600737100816 1496.264127764155 1349.8157248157288 1522.676904176935 1347.2051597051554 1547.2469287469632 1345.8230958230831 1622.799754299801 1337.8378378377918 1655.0287162162622 1332.3095823095382 1673.2834766585227 1328.316953316911 1714.2463144963608 1318.79606879603 1755.2091523341974 1310.9643734643382 1772.926443488988 1308.737714987681 1790.950859950904 1307.1253071252747 1865.7358722359163 1302.2113022112821 1922.861179361222 1299.7542997543067 2050.011056511061 1299.4471744471814 2098.1913390663353 1300.9444103194173 2123.0300982800886 1301.213144963152 2140.497850122835 1299.6391277641346 2155.5085995085797 1296.8366093366164 2166.3347665847414 1293.0743243243319 2172.5540540540205 1290.5405405405481 2183.2458538083206 1285.6361332923907 2188.8988789925957 1282.723241707624 2193.9376535626207 1279.5032248157322 2202.018888206356 1273.5238789926364 2209.1787469287156 1267.2374078624155 2217.3559582309276 1258.3499692874766 2223.690417690389 1250.076781326788 2228.8347665847427 1242.053132678138 2233.6719901719703 1233.4152334152373 2237.5110565110435 1225.0460687960708 2240.1216216216153 1217.7518427518428 2250.87100737103 1185.9811880836633 </georss:polygon>
 <pubDate>Wed, 04 Apr 2012 02:45:00 +0000</pubDate>
 <dc:creator>adminhtdtadmin</dc:creator>
 <guid isPermaLink="false">97901 at http://www.innerbody.com</guid>
  </item>
  <item>
    <title>Anatomy Poly: CA-Female-Posterior </title>
    <link>/node/97899</link>
     <georss:polygon xmlns:georss="http://www.georss.org/georss">1765.3058968059051 966.8304668304676 1765.3058968059058 828.6240786240764 1733.3648648648775 826.7813267813269 1714.6302211302343 824.9385749385754 1704.6486486486617 822.7886977886983 1689.1388206388349 816.9533169533179 1662.7260442260595 805.282555282557 1644.2985257985424 798.372235872238 1625.871007371025 792.6904176904201 1597.0012285012472 783.7837837837865 1576.4238329238428 778.2555282555304 1553.5429975430043 773.955773955776 1532.1977886977918 768.7346437346456 1518.3771498771453 765.9705159705177 1512.503378378373 764.7036240786258 1506.9367321867255 763.5902948402965 1501.216523341516 762.4769656019677 1492.1179361179286 760.595823095826 1486.8200245700168 759.5976658476683 1486.9351965601861 759.71283783784 1457.8734643734504 753.839066339068 1298.475429975405 976.5049140049135 1304.0036855036465 982.4938574938557 1308.303439803399 986.640049140049 1308.3034398033979 986.4864864864876 1314.4459459459026 991.7076167076191 1322.4312039311587 997.235872235876 1322.7383292382845 1003.6855036854995 1311.0675675675268 1011.9778869778768 1304.4643734643348 1017.6597051596921 1298.4754299753934 1025.4914004913844 1412.111793611791 1182.4324324324707 1455.7235872235997 1246.9287469287126 1517.762899262911 1234.3366093365903 1517.1486486486567 1235.2579852579815 1590.858722358732 1219.2874692874796 1651.362407862415 1200.5528255528436 1680.0786240786313 1188.421375921397 1698.4677518427593 1181.3958845209065 1716.8568796068873 1176.8273955774182 1742.6170147420228 1175.023034398058 1765.9201474201561 1174.4471744471987 1765.3058968059054 1000.0000000000011 1765.3058968059051 966.8304668304676 </georss:polygon>
 <pubDate>Wed, 04 Apr 2012 02:40:57 +0000</pubDate>
 <dc:creator>adminhtdtadmin</dc:creator>
 <guid isPermaLink="false">97899 at http://www.innerbody.com</guid>
  </item>
  <item>
    <title>Anatomy Poly: CA-Female-Posterior </title>
    <link>/node/97905</link>
     <georss:polygon xmlns:georss="http://www.georss.org/georss">1294.8667076166944 974.8925061425033 1452.8826781327 753.6855036855071 1427.4296683046887 750.4990786240816 1396.6787469287656 747.312653562656 1335.1769041769192 743.3968058968077 1288.9545454545507 741.7076167076171 1227.9901719901652 744.9324324324317 1182.151719901707 749.0018427518412 1136.505221130206 757.4861793611777 1088.4017199017023 769.656019656018 1044.7899262899193 781.0196560196571 959.7162162162138 797.7579852579879 925.6253071253104 799.7542997543044 873.7211302211323 799.7542997543039 838.5552825552843 802.8255528255565 801.2011670761697 800.2149877149913 765.9393427518454 796.4527027027062 727.4239097051621 793.9573095823131 664.3384520884539 796.375921375925 620.2275798525818 799.2936117936155 536.7470823095841 810.5804668304704 449.5810810810826 823.0958230958269 362.3574938574928 829.852579852584 265.30589680589446 832.0024570024614 234.59336609336285 830.0061425061468 227.37592137591804 829.2959152334197 222.00122850122509 828.8928132678177 212.48034398034048 828.3937346437391 204.72542997542638 828.9599969287514 197.5847665847629 830.1405098280144 190.06019656019282 833.1157862407907 185.60687960687582 833.6340601965651 177.27610565110203 830.9995009213809 167.27533783783417 826.6109682125356 163.85376996314127 824.5156777871671 160.43220208844838 821.4990114404227 159.00694871007002 819.5572836686171 157.58169533169166 816.6941799754353 156.58353808353434 811.1179361179412 155.20147420147168 808.4305896805935 153.16676904176683 806.5302518427554 151.7463144963126 805.5512899262933 147.7152948402933 804.2652027027058 143.86663083537934 803.8668995700276 141.48161087223437 803.9748733108138 138.17521498771345 804.5435350122879 134.16339066338927 805.7432432432457 133.08845208845128 806.3958845208863 132.01351351351332 807.3556511056521 131.0921375921386 809.2751842751837 127.56019656019735 811.1179361179351 124.29699017199093 813.9588452088444 121.03378378378451 818.0282555282547 118.71114864864938 821.0611179361171 116.38851351351425 825.936732186731 114.20024570024641 834.9201474201458 108.90233415233482 838.6824324324309 104.56418918918988 842.6366707616693 101.32977579852646 846.6197020884506 98.09536240786304 851.5241093366076 94.78416769041827 857.8105804668282 91.78009828009883 864.7113022112994 91.05067567567616 872.5813882063848 91.09866400491448 881.305666461913 91.76090294840343 887.5729422604392 93.03739250614296 899.2149109336574 95.54238329238379 909.3212530712493 96.95324017199066 912.4021038083499 98.97834766584812 915.4829545454506 102.84620700245745 920.4065571253029 104.78013667076212 922.1005451474159 107.0211916461921 923.1802825552784 110.7354883292387 924.8790694103152 115.67828624078653 925.9636056511014 133.24201474201507 927.2113022112977 139.07739557739603 929.7834766584722 144.83599508599562 931.3478961916414 151.20884520884584 932.2980651105604 158.65663390663465 932.9411087223541 164.10810810810892 932.8163390663342 166.1812039312048 932.3460534397987 168.25429975430072 931.568642506138 170.02027027027128 930.791231572477 172.09336609336714 929.3995700245657 175.62530712530832 926.4434889434848 204.03439803440014 927.5184275184232 215.32125307125236 930.8968058968019 221.82847051596906 932.0485257985217 228.3356879606858 931.35749385749 274.1549447174417 919.9170761670728 360.94663697788366 920.9536240786209 452.95945945945596 929.6683046683012 531.7371007370964 942.1068796068762 547.0261824324283 945.2645116707581 574.2931511056464 949.0363943488907 594.1219287469238 950.4376535626499 627.6369778869737 952.6259213759182 652.0630374692831 953.6336762899231 681.403101965597 952.1844287469256 701.9996928746887 950.5144348894318 747.3102733415186 944.7654330466797 784.635595823091 941.4734336609301 815.1225813882024 943.5129376535593 891.9854883292336 950.7735718673183 935.6788621007327 952.5059505528222 982.75061425061 953.31695331695 1095.4656019655945 961.6093366093335 1208.1805896805788 972.3587223587195 1294.8667076166944 974.8925061425033 </georss:polygon>
 <pubDate>Wed, 04 Apr 2012 03:19:23 +0000</pubDate>
 <dc:creator>adminhtdtadmin</dc:creator>
 <guid isPermaLink="false">97905 at http://www.innerbody.com</guid>
  </item>
  <item>
    <title>Anatomy Poly: CA-Female-Posterior </title>
    <link>/node/97907</link>
     <georss:polygon xmlns:georss="http://www.georss.org/georss">1294.7899262899316 1027.0270270269953 1453.11302211303 1247.6965601965214 1350.686732186753 1257.985257985216 1314.1388206388447 1259.0601965601538 1270.8341523341799 1258.29238329234 1241.5036855037154 1257.2942260441823 1212.1732186732509 1255.0675675675238 1166.2579852580207 1250.383906633863 1130.1707616708 1243.2432432432 988.893120393116 1208.2309582309538 966.4729729729706 1204.6990171990128 944.0528255528254 1202.3955773955731 869.7285012285051 1202.088452088448 834.1019656019685 1199.324324324323 754.863636363638 1207.156019656019 701.4238329238337 1206.3882063882063 651.6695331695331 1205.4668304668332 608.0577395577388 1202.0884520884576 505.7850122850122 1187.039312039317 383.85626535626585 1174.4471744471793 261.00614250613967 1168.304668304704 229.52579852579657 1171.3759213759472 219.50583538083362 1172.1437346437579 209.79299754299603 1171.990171990193 196.0875307125295 1170.6081081081268 184.53194103194008 1167.0761670761838 175.77886977886968 1171.3759213759283 172.01658476658517 1172.1437346437372 166.39235257985308 1175.0614250614258 159.2324938574944 1180.4361179361167 159.13651719901793 1185.1197788697773 158.4742782555291 1188.6901105651082 157.84803055896901 1190.3505067567542 156.30040694103292 1192.3180282555256 154.68200053747026 1193.8392582923805 152.75646882678225 1194.7462377149848 148.06680935196653 1196.5745930589644 141.72935062192963 1197.1816454238294 138.14867144310583 1196.8727205543576 134.87511757140737 1195.64241976351 133.23834063555813 1194.7201440609608 131.9086890068342 1193.4907430512865 130.17076167076235 1190.7248157248125 122.53101965602029 1184.1984029483972 117.04115479115536 1175.522113022105 114.66093366093406 1167.3832923832779 108.62400184275225 1162.2965294840146 102.58707002457044 1155.98126535625 98.39289004914045 1150.5873771498614 95.42721130221167 1145.1934889434729 93.18135749385782 1140.241093366076 91.54975429975457 1134.6744471744287 91.16584766584765 1125.3071253071 92.71587070024559 1104.1154791154563 96.10864557739536 1090.2948402948186 98.1193565724813 1085.3808353808145 100.74431818181782 1081.695331695311 104.15148955773905 1078.3169533169341 107.55866093366029 1076.1670761670582 112.58783783783666 1074.3243243243141 121.41769041768822 1073.0958230958274 132.32063882063454 1073.710073710108 138.69348894348462 1070.7731879607222 145.06633906633473 1069.0648034398375 150.70976658476226 1067.9802671990512 156.04606879606445 1067.5099815725155 163.07156019655585 1067.9610718673557 168.56142506142075 1069.0264127764467 170.94164619164192 1070.2357186732527 173.3218673218631 1071.7521498771837 175.5485257985216 1073.7292690418026 177.4680589680548 1075.7063882064217 201.73095823095443 1074.3243243243585 213.09459459459117 1070.4852579852927 222.30835380835077 1068.7960687961036 235.16922604422325 1071.7905405405736 272.60012285012016 1080.620393120425 299.5503685503656 1082.616707616739 376.7923832923801 1079.2383292383595 442.8243243243206 1072.481572481601 591.4729729729779 1049.7542997543485 654.2033169533217 1047.2205159705632 715.7051597051643 1050.8292383292837 747.4158476658521 1055.9735872236306 777.8980343980386 1059.8894348894762 815.0601965601995 1059.5823095823441 846.4637592137593 1054.9754299754547 877.8673218673191 1051.5970515970664 924.3200245700194 1048.5257985258036 970.7727272727197 1047.9115479115426 1077.959459459442 1042.9975429974966 1193.4385749385688 1030.712530712492 1294.7899262899316 1027.0270270269953 </georss:polygon>
 <pubDate>Wed, 04 Apr 2012 03:22:23 +0000</pubDate>
 <dc:creator>adminhtdtadmin</dc:creator>
 <guid isPermaLink="false">97907 at http://www.innerbody.com</guid>
  </item>
  </channel>
</rss>