<?xml version="1.0" encoding="utf-8" ?><rss version="2.0" xml:base="http://www.innerbody.com/anatomy_image/87787/2/feed" xmlns:georss="http://www.georss.org/georss" xmlns:gml="http://www.opengis.net/gml" xmlns:dc="http://purl.org/dc/elements/1.1/">
  <channel>
    <title></title>
    <link>http://www.innerbody.com/anatomy_image/87787/2/feed</link>
    <description></description>
    <language>en</language>
          <item>
    <title>Anatomy Poly: CA-Female-Anterior 89290</title>
    <link>/node/89290</link>
     <georss:polygon xmlns:georss="http://www.georss.org/georss">2304.6179361175 864.86486486472 2362.3574938570564 875.9213759212314 2380.785012284575 872.2358722357276 2418.8685503681127 867.3218673217225 2456.95208845165 864.86486486472 2504.249385748947 868.5503685502241 2557.382063881624 874.0786240784794 2581.4914004909606 879.2997542996096 2605.600737100297 889.434889434745 2621.2641277636976 900.491400491255 2636.9275184270987 914.0049140047678 2649.0589680585526 926.9041769040302 2658.733415233005 942.2604422602951 2665.9508599504543 964.9877149875674 2668.2542997539 997.54299754285 2664.5687960683667 1027.0270270268975 2655.3550368545993 1047.2972972971725 2643.6842751838303 1065.110565110445 2636.3132678128145 1069.4103194102036 2625.871007370551 1097.3587223586092 2608.05773955728 1111.7936117935012 2585.023341522883 1121.9287469286292 2553.389434888979 1129.6068796067545 2489.2002456997907 1137.28501228488 2425.011056510602 1138.8206388204985 2364.8144963140603 1125.9213759212378 2322.431203930778 1119.4717444716073 2301.239557739137 1118.0896805895443 2284.9619164615 1111.7936117934762 2287.4189189184913 895.5773955772565 2304.6179361175 864.86486486472 </georss:polygon>
 <pubDate>Sat, 24 Mar 2012 09:02:34 +0000</pubDate>
 <dc:creator>adminhtdtadmin</dc:creator>
 <guid isPermaLink="false">89290 at http://www.innerbody.com</guid>
  </item>
  <item>
    <title>Anatomy Poly: CA-Female-Anterior 89299</title>
    <link>/node/89299</link>
     <georss:polygon xmlns:georss="http://www.georss.org/georss">2243.192874692902 1202.702702702704 2141.227272727295 1200.859950859949 2097.6154791154977 1201.1670761670732 2022.0626535626677 1197.7886977886935 1888.156019656014 1196.560196560182 1839.6302211302054 1196.5601965601772 1805.385749385731 1196.5601965601759 1790.7205159704963 1199.017199017178 1773.598280098259 1206.388206388185 1695.2813267813 1223.5872235872 1601.9152334152375 1238.3292383292214 1510.699017199025 1262.2850122849968 1382.6277641277754 1291.1547911547764 1362.8181818181959 1296.9901719901573 1343.3061271498914 1291.2123771498623 1318.8800675675818 1286.6630835380688 1296.9110104422748 1283.3422911547764 1274.9419533169678 1283.7070024569873 1252.9728961916605 1282.8432125306979 1223.6328316953463 1281.9794226044085 1195.2141431204082 1285.4153869778736 1177.3192951474357 1287.747619778855 1166.7954545454693 1290.0798525798384 1166.7762592137733 1294.494778869765 1169.2236640049289 1299.7734950859815 1237.7078086609472 1299.9558507370878 1237.858971898048 1309.2607877763996 1155.0107205927661 1314.8346322174323 1144.2991256526545 1318.5429303593244 1143.8573330966055 1327.4609614941523 1154.6929478750915 1334.0698542114424 1231.3638265174052 1333.6887968845845 1232.2299783692754 1341.4835262064132 1222.3113811971075 1343.5857711904328 1191.5082631404196 1352.4447729312087 1159.521937527309 1352.5745195018444 1136.135120513706 1355.1612685294785 1127.205839771033 1359.2187708074248 1127.6552043137003 1368.3114040102791 1136.7040774558773 1371.875781684879 1185.6792405243436 1375.4401593594794 1234.6544035928102 1374.0905321200753 1234.489517521229 1378.2691604089248 1188.686625241663 1386.684824852145 1142.883732962097 1397.5574917523675 1139.6486118578077 1403.0397862415505 1140.098994439022 1409.7505819592345 1144.6852632869538 1414.5726647950958 1268.7432766066272 1402.8099810461906 1249.38407687826 1413.820531063629 1243.4693383712302 1418.723045717866 1240.0116023212022 1426.6968134433555 1241.4678711851777 1434.6705811688448 1242.9241400491549 1440.1873464373323 1261.7715563575089 1426.7650107493719 1283.0759751228647 1418.8709305896668 1310.942797911563 1409.8395270270125 1333.5069103194264 1396.6907248157108 1367.57862407864 1371.6216216216085 1423.9361179361351 1361.4864864864735 1480.2936117936304 1351.3513513513383 1608.6719901720164 1337.8378378378254 1734.5933660934 1312.0393120393 1787.95638820642 1305.8200245700134 1838.8624078624373 1302.0577395577293 1943.1314496314747 1296.9901719901638 2134.4705159705313 1299.1400491400457 2163.3402948402963 1293.6117936117987 2181.153562653549 1286.8550368550507 2196.5098280098 1277.6412776413 2214.937346437332 1256.7567567567737 2228.45085995086 1235.8722358722475 2238.278869778883 1219.2874692874757 2243.192874692902 1202.702702702704 </georss:polygon>
 <pubDate>Sat, 24 Mar 2012 09:39:49 +0000</pubDate>
 <dc:creator>adminhtdtadmin</dc:creator>
 <guid isPermaLink="false">89299 at http://www.innerbody.com</guid>
  </item>
  <item>
    <title>Anatomy Poly: CA-Female-Anterior 89300</title>
    <link>/node/89300</link>
     <georss:polygon xmlns:georss="http://www.georss.org/georss">2238.2788697789156 788.6977886977876 2106.829238329283 793.6117936117926 1972.9226044226475 799.7542997542988 1929.3108108108534 804.6683046683039 1906.276412776455 807.7395577395571 1883.2420147420567 808.3538083538077 1808.917690417731 807.1253071253066 1729.6793611794 789.9262899262889 1698.35257985261 778.2555282555285 1652.9364250614544 774.147727272728 1605.0632678132963 765.1259213759225 1516.6879606879877 742.1683046683062 1431.019195331722 722.1475737100752 1394.3273187960954 713.9799600737116 1358.2496928747196 708.2693488943506 1343.385457856676 711.6160849681376 1327.906972224382 714.9628210419245 1295.721499731292 719.1992907324958 1232.5790559736138 720.3012227426308 1201.7949651254462 718.0846381831832 1171.0108742772784 713.411051166733 1165.7181839205105 707.2018376146564 1170.2535033917518 700.9926240625796 1238.149081031019 700.111543810047 1237.5765999459188 692.2068771624756 1151.6650530091347 685.6113030810924 1143.7215645530277 679.5493882762729 1143.1490834679273 672.258972242952 1148.7608780544833 669.3489018470725 1157.443925712293 668.5887086010698 1165.512722755852 668.4427659693177 1181.6503168429704 668.7651313200643 1232.6871796779278 667.5975902660487 1232.7953033822428 660.3485032440121 1203.419397602529 654.3279174504772 1175.2719930513163 650.7643341139449 1133.9354460995353 646.3380105958246 1127.3357409915682 641.7540308884393 1126.8785420261065 635.9415499525527 1132.1066502376898 631.6875954517873 1151.7766258746153 628.0936913642613 1182.5170685489563 625.8198881032145 1236.6269465266319 628.643288952128 1236.7385943738745 625.6905820504466 1146.0527991592712 605.0431535050691 1141.5853856342408 600.6033332693504 1141.2500671836879 588.0381891124089 1157.7784474815994 587.4779253685517 1184.5610339565683 588.6047513244791 1212.5721216600382 592.1885797374092 1267.9800464527277 598.7419859490188 1252.7491506065978 591.1676280328641 1244.212326762157 582.4664441607816 1241.172416068438 577.5016016104897 1240.5895078317208 572.5367590601978 1242.9337377150148 560.0525952088464 1258.3871794379877 571.9309064035639 1275.6833730037124 578.2809620700258 1309.0472589066608 589.7525721744482 1342.1040195024837 610.1308161855048 1369.6325245700518 629.2805589680601 1420.1642352580113 639.5404637592148 1473.7671990172248 649.8003685503699 1572.6999385749637 661.3559582309592 1623.3948095823346 669.5907555282565 1646.2852426290174 672.4796529484039 1671.6326781327027 677.8255528255538 1745.6498771498962 695.3316953316975 1918.8685503685701 703.9312039312061 2092.087223587244 705.1597051597072 2117.2714987715217 705.1597051597073 2142.4557739558 707.61670761671 2166.1044226044532 712.8378378378391 2192.210073710109 724.2014742014744 2205.262899262937 734.1830466830463 2218.315724815765 752.7641277641271 2230.140049140092 772.5737100737092 2238.2788697789156 788.6977886977876 </georss:polygon>
 <pubDate>Sat, 24 Mar 2012 09:51:25 +0000</pubDate>
 <dc:creator>adminhtdtadmin</dc:creator>
 <guid isPermaLink="false">89300 at http://www.innerbody.com</guid>
  </item>
  <item>
    <title>Anatomy Poly: CA-Female-Anterior 89291</title>
    <link>/node/89291</link>
     <georss:polygon xmlns:georss="http://www.georss.org/georss">2278.8194103194123 883.2923832923788 2277.5909090909063 1121.6216216216012 2262.5417690417644 1154.4840294840221 2243.8071253071193 1199.6314496314558 1990.4287469287458 1195.63882063884 1934.45515970516 1192.183660933683 1878.4815724815742 1186.2714987715237 1760.3918918918962 1173.2186732187038 1759.1633906634 829.2383292383287 1954.1879606879602 807.1253071253046 2240.1216216216135 791.1547911547876 2258.8562653562612 841.5233415233376 2278.8194103194123 883.2923832923788 </georss:polygon>
 <pubDate>Sat, 24 Mar 2012 09:11:19 +0000</pubDate>
 <dc:creator>adminhtdtadmin</dc:creator>
 <guid isPermaLink="false">89291 at http://www.innerbody.com</guid>
  </item>
  <item>
    <title>Anatomy Poly: CA-Female-Anterior 89301</title>
    <link>/node/89301</link>
     <georss:polygon xmlns:georss="http://www.georss.org/georss">1307.0749385749102 1022.1130221129893 1369.7285012284935 1257.985257985305 1315.6744471744407 1259.2137592138063 1253.0208845208792 1257.985257985305 1175.6253071253022 1251.8427518427984 1097.0012285012242 1238.3292383292842 983.9791154791111 1210.0737100737558 951.7309582309538 1204.8525798526252 931.767813267809 1204.5454545455 841.7800982800939 1200.5528255528693 677.621621621617 1206.5417690418128 537.687653562649 1187.154484029528 400.2106879606835 1173.9097051597496 346.82847051596593 1169.7443181818626 293.4462530712484 1170.492936117981 238.83553439803 1172.4700552825996 221.3581848894304 1171.0016124079077 211.39100890662945 1166.5818872850573 169.55238406019217 1177.8855382371457 148.6330716369735 1185.3801155559418 112.9717444717402 1207.6167076167528 90.2444717444682 1204.69901719906 85.1769041769008 1180.0138206388629 77.65233415233095 1152.871621621663 79.95577395577094 1124.500921375962 72.43120393120108 1101.044226044266 76.11670761670625 1082.9238329238701 93.31572481572415 1071.4066339066687 110.51474201474205 1069.7174447174775 139.99877149877224 1072.9422604422912 167.0257985258 1071.2530712531 208.56449631449738 1071.982493857522 250.1031941031947 1067.7979115479393 303.69656019656026 1079.084766584794 369.1142506142498 1079.54545454548 443.4385749385723 1073.0958230958445 472.00122850122494 1071.099508599528 500.5638820638776 1066.646191646209 557.6891891891829 1055.2825552825682 628.9422604422505 1048.5257985258042 702.6523341523207 1049.1400491400475 761.3132678132532 1054.821867321864 800.4717444717295 1058.8912776412735 819.9742014741857 1055.5896805896755 897.9840294840119 1047.2972972972882 1049.0896805896593 1040.5405405405231 1112.9717444717214 1037.7764127763917 1176.8538083537835 1031.3267813267564 1272.6769041768787 1027.3341523341235 1289.8759213758944 1025.9520884520578 1307.0749385749102 1022.1130221129893 </georss:polygon>
 <pubDate>Sat, 24 Mar 2012 10:04:30 +0000</pubDate>
 <dc:creator>adminhtdtadmin</dc:creator>
 <guid isPermaLink="false">89301 at http://www.innerbody.com</guid>
  </item>
  <item>
    <title>Anatomy Poly: CA-Female-Anterior 89302</title>
    <link>/node/89302</link>
     <georss:polygon xmlns:georss="http://www.georss.org/georss">1237.050368550158 972.9729729729751 1303.3894348892372 975.1228501228519 1369.7285012283166 746.3144963144971 1327.959459459296 743.2432432432463 1281.8906633904903 742.6289926289988 1193.7457002455212 747.2358722358797 1100.5331695329878 764.2813267813352 1002.3298525796689 787.5460687960776 953.2281941030099 797.9499385749476 874.6233108106268 799.4663697788784 852.5150875305283 802.3024800368635 830.4068642504299 802.6815878378461 754.2445869162773 795.689688267822 673.1659052516577 798.336244625316 492.5786240784387 820.6388206388302 370.34275184256666 830.1597051597143 309.53194103175593 834.6130221130312 250.5638820636971 831.6953316953403 225.53316953298443 831.0042997543087 216.70331695313172 837.7226658476748 171.74785012266497 826.3398341523431 114.50737100718601 798.9864864864949 94.39066339047834 798.9097051597138 88.52648955755453 814.1459996928834 86.34781941013436 820.7827856265443 84.78339987696482 828.0338221744558 79.5334766582916 838.9703624078711 78.24738943470439 845.7943028255612 84.9753531939181 849.8205236486571 86.49658323077311 853.0621352887061 78.18980343961837 855.075245700254 77.62354115460607 868.3152257371091 81.64016431185419 873.0924639127848 80.5772228192252 886.537594057134 77.05727886959377 887.6977119164707 72.23925061406554 910.4921683046772 77.34520884502373 922.9115479115565 109.75652641259119 931.5446483415315 140.39707463126433 926.64743934276 163.66661547893014 930.3497389434972 188.09267506123973 928.540578931212 212.5187346435493 929.1884213759296 242.65540540522005 933.0082923833002 258.70270270251746 930.8200245700331 293.2542997541145 923.986486486495 347.61547911529397 917.6904176904263 497.4926289924438 933.0466830466908 644.9127764125913 955.7739557739627 775.9017199015323 944.1031941032 800.8556511054619 943.1818181818237 825.8095823093915 944.71744471745 916.8722358720422 950.245700245705 1007.934889434693 953.3169533169576 1148.2911547909523 966.8304668304702 1237.050368550158 972.9729729729751 </georss:polygon>
 <pubDate>Sat, 24 Mar 2012 10:10:16 +0000</pubDate>
 <dc:creator>adminhtdtadmin</dc:creator>
 <guid isPermaLink="false">89302 at http://www.innerbody.com</guid>
  </item>
  <item>
    <title>Anatomy Poly: CA-Female-Anterior 89292</title>
    <link>/node/89292</link>
     <georss:polygon xmlns:georss="http://www.georss.org/georss">1754.2493857494 829.2383292383287 1754.2493857494 1174.4471744472 1721.694103194113 1177.5184275184577 1701.8845208845294 1181.9717444717758 1682.0749385749457 1188.8820638820964 1625.2567567567603 1210.0737100737458 1551.2395577395582 1230.0368550368937 1478.4508599508576 1245.0859950860365 1457.2592137592098 1247.850122850167 1416.565110565105 1254.1461916462372 1377.0995085995012 1256.7567567568037 1309.839066339059 1017.5061425061776 1318.745700245693 999.3857493857718 1307.996314496307 983.1081081081179 1378.3280098280025 745.7002457002438 1425.9324324324277 750.3071253071234 1473.536855036853 758.5995085995069 1568.7457002457038 777.6412776412764 1613.278869778876 791.4619164619154 1657.8120393120482 805.2825552825544 1719.5442260442378 827.7027027027023 1754.2493857494 829.2383292383287 </georss:polygon>
 <pubDate>Sat, 24 Mar 2012 09:20:57 +0000</pubDate>
 <dc:creator>adminhtdtadmin</dc:creator>
 <guid isPermaLink="false">89292 at http://www.innerbody.com</guid>
  </item>
  </channel>
</rss>