<?xml version="1.0" encoding="utf-8" ?><rss version="2.0" xml:base="http://www.innerbody.com/anatomy_image/89206/2/feed" xmlns:georss="http://www.georss.org/georss" xmlns:gml="http://www.opengis.net/gml" xmlns:dc="http://purl.org/dc/elements/1.1/">
  <channel>
    <title></title>
    <link>http://www.innerbody.com/anatomy_image/89206/2/feed</link>
    <description></description>
    <language>en</language>
          <item>
    <title>Anatomy Poly: NE-Female-Anterior 91318</title>
    <link>/node/91318</link>
     <georss:polygon xmlns:georss="http://www.georss.org/georss">1286.497542997646 974.4562283852329 1296.018427518497 945.4328868618918 1305.539312039348 916.4095453385506 1316.5958230958688 881.0901350191384 1327.6523341523894 848.2277271567289 1335.9447174447853 820.8935748225792 1342.8550368551096 798.3198647488703 1349.765356265434 775.7461546751613 1359.593366093434 744.15063870465 1327.6523341524 742.9221374761506 1307.3820638821 742.92213747615 1271.7555282556 744.15063870465 1239.8144963146 744.7648893189 1207.8734643735 746.60764116165 1121.4823686459506 760.7354052894212 1074.9710231236 770.56341511743 1029.5164776691 781.61992617394 1000.0324481851 790.21943477345 948.03771742481 800.0474446014606 905.65442504152 800.66169521571 868.79938818648 799.4331939872106 843.6151130022 803.73294828696 811.55008177825 800.66169521571 761.5869006887 795.7476903017 727.18886629067 795.7476903017 680.50581960762 799.43319398721 639.96527906708 801.27594582996 576.36435087546 808.64695320096 498.35452286563 820.93196548598 446.75747126858 825.84597039998 339.99972634041 833.21697777099 266.28965263034 833.83122838524 232.06475221062 833.21697777099 214.86573501161 837.51673207074 185.38170552758 831.37422592824 156.819051964921 823.3889679429776 145.14829029416333 818.4749630289717 136.68510900115874 814.9512441896937 126.19062822508549 806.1981729366225 116.02938292304395 800.5931360815857 110.02738435064728 799.3262441896936 100.03275678562166 799.9021041405532 92.86443405411407 802.3591065975553 88.56467975435952 809.1158633543121 91.6359328256123 812.4942417326928 87.64330383298308 818.3296225680758 86.10767729735691 822.6293768678263 87.64330383298338 828.771883010332 80.57942176910109 834.3001385385846 79.043795233475 838.29276753122 80.57942176910139 843.8210230594763 83.343549533229 846.89227613073 87.33617852585813 849.34927858773 87.029053218733 851.80628104473 77.815294004974 856.72028595874 77.5081686978483 868.6981729366223 83.34354953322939 874.5335537720003 81.50079769047721 887.43281667127 75.35829154797122 896.0323252707707 73.51553970521917 907.0888363272837 74.74404093372027 914.4598436982919 77.2010433907226 919.9880992265487 91.328807518487 929.20185844031 123.5769647666453 931.9659862044342 143.54010972979 926.13060536905 152.1396183293 928.8947331331835 188.99465518433 927.3591065975595 226.15681734649343 928.0592077921841 231.2243849140623 930.4732849589967 242.8183652580435 932.6016994637787 254.4123456020247 931.6588608973078 276.24281974287237 926.1306053690537 298.07329388372 921.21660045505 340.45658626701 920.6023498408 387.58326313747 921.8308510693 488.39620061976 932.27311151156 557.4430526761153 945.1723744108207 620.0966153296753 952.5433817818299 658.6403924022427 954.6932589317055 697.18416947481 953.7718830103283 734.0392063298394 949.1650034034542 774.8868721775045 943.3296225680725 816.34878863942 941.7939960324447 851.6681989588312 946.2473129857632 887.601859892493 950.3935046319564 928.0954189796619 952.9272884157343 967.97472745258 953.618320356761 1069.638367203465 957.3038240422662 1173.7590094113518 968.9745857130295 1254.2559993441253 972.3529640914046 1286.497542997646 974.4562283852329 </georss:polygon>
 <pubDate>Mon, 26 Mar 2012 20:17:28 +0000</pubDate>
 <dc:creator>adminhtdtadmin</dc:creator>
 <guid isPermaLink="false">91318 at http://www.innerbody.com</guid>
  </item>
  <item>
    <title>Anatomy Poly: NE-Female-Anterior 91381</title>
    <link>/node/91381</link>
     <georss:polygon xmlns:georss="http://www.georss.org/georss">1357.29860285252 1258.0160211211748 1347.3170303709583 1223.1572987624738 1331.1929517468902 1171.099559204755 1309.079929633871 1095.6210940009744 1286.9669075208517 1027.5136361682012 1269.1536397076 1027.5136361682 1240.8981114520448 1029.9706386252 1209.2279278038 1029.3563880108998 1161.930630506501 1033.041891696402 1125.6898442657 1037.9558966104 1022.377673826947 1045.9411545956507 989.20814065745 1047.7839064384 938.22533967464 1047.7839064384 887.8567893060906 1050.855159509701 847.31624876555 1055.7691644237 809.2327106820113 1058.8404174949974 789.45480384128 1058.840417495 727.41549180197 1052.6979113525 705.9167203031957 1047.783906438451 662.02191941222 1045.9411545957 620.25287764318 1047.7839064384 582.7835901738894 1052.083660738201 537.32904471935 1059.4546681092 473.1041180467462 1071.1254297799987 428.26382320646 1076.6536853082 373.59551853815 1079.110687765201 341.04023598287 1079.7249383795 298.80469060076 1079.7249383795 260.0277506779 1072.3539310085 250.19974084989363 1070.2040538586252 243.44298409313865 1070.357616512189 239.14322979338607 1069.896928551502 212.73045338061272 1073.5824322370015 189.69605534621343 1073.582432236999 166.35453200468467 1072.6610563155748 150.3840160341747 1072.3539310084989 143.00059527242092 1075.1180587725737 121.19469846652673 1069.282677937202 114.28437905620775 1068.975552630088 110.061406083235 1069.7433658979069 107.98831026013937 1070.5111791657257 94.781922053752 1072.3539310085 87.1037893756192 1073.5824322369986 80.039907311737 1078.496437151 75.7401530119825 1084.3318179863754 73.89740116923043 1090.1671988217506 74.51165178348083 1105.523464178 78.811406083236 1112.280220934799 83.11116038299005 1115.3514740059989 82.49690976873961 1119.0369776915495 82.49690976873921 1127.9436115981252 76.354403626233 1137.464496119 76.968654240484 1142.9927516473 81.5755338473633 1147.292505946999 85.41460018642955 1148.8281324826244 88.94654121837051 1150.9780096325005 80.039907311737 1157.1205157751 80.34703261886251 1165.4128990674235 82.49690976873951 1168.6377147922617 84.64678691861651 1170.3269039814734 87.10378937561865 1171.5554052099747 88.33229060412019 1173.705282359848 86.796664068494 1179.2335378881 87.4109146827446 1183.2261668807232 92.01779428962331 1186.6045452591 90.02147979330924 1190.9042995588247 89.867917139747 1195.8183044728 95.70329797512697 1199.503808158324 100.92442819625636 1201.3465600010968 110.13818741001727 1201.653685308224 120.58044785227939 1198.889557544099 139.0079662798 1185.3760440306 162.34948962132 1175.5480342026 181.39125866309 1170.6340292886 216.40354367537 1163.8772725318 235.16224624988064 1169.405528060099 251.13276222039747 1169.7126533672242 257.8895189771543 1169.0984027529744 265.56765165528714 1168.4841521387243 269.5602806479162 1168.1002455048178 275.3956614832972 1167.7163388709116 282.45954354717935 1167.2556509102242 313.47919956683467 1167.102088256661 344.49885558649 1167.8699015244738 378.896889984525 1169.405528060099 413.29492438256 1171.8625305171 439.39773256214033 1174.0124076669495 464.88629012747 1177.3907860453 513.1049633461397 1183.2261668806996 561.6307618719347 1189.3686730232241 595.752845699845 1194.2826779371994 629.56780422063 1198.275306929799 642.8264127608309 1199.9644961189933 656.0850213010316 1201.0394346939374 669.9578804554828 1202.1143732688815 683.8307396099342 1202.575061229575 739.93642684199 1204.4178130723494 774.8167962687795 1203.189311843898 835.01335646534 1196.4325550871 863.26888472087 1198.8895575440506 892.445788897775 1200.7323093868258 919.1656906176778 1201.0394346939736 938.4717107558845 1200.4251840797483 947.8175955178625 1201.5001226546988 956.54922966559 1203.1893118439 1000.9335763418 1211.7888204434 1044.6802779542 1222.8453314999 1094.7967904599 1235.4374690920242 1158.7172155608 1248.4985168374242 1200.4862573298 1254.6410229799242 1239.8080700669263 1258.0194013583496 1280.502173261013 1259.0943399332627 1321.1962764551 1259.5550278939252 1338.1725010788714 1259.0926498146753 1357.29860285252 1258.0160211211748 </georss:polygon>
 <pubDate>Mon, 26 Mar 2012 21:49:33 +0000</pubDate>
 <dc:creator>adminhtdtadmin</dc:creator>
 <guid isPermaLink="false">91381 at http://www.innerbody.com</guid>
  </item>
  <item>
    <title>Anatomy Poly: NE-Female-Anterior </title>
    <link>/node/91399</link>
     <georss:polygon xmlns:georss="http://www.georss.org/georss">2275.0801380593 988.71220038155 2274.4658874450006 949.4001610695176 2273.2373862165496 873.2330849024324 2313.9126789808 866.93701610636 2328.2924809714 870.008269177611 2346.1057487847 873.07952224887 2359.6392526066 874.61514878449 2368.08519855255 874.6151487844902 2376.5311444985 874.00089817024 2393.7301616976 870.3153944847353 2406.9365499039 867.85839202773 2413.7523283336 866.6298907992302 2420.5681067633 864.78713895648 2431.317492512724 862.6372618065958 2454.3518905471 862.94438711373 2467.8654040606 863.8657630351058 2477.6934138886 865.40138957073 2499.1421536212 868.47264264198 2522.7908022698 870.00826917761 2542.7539472330254 870.6225197918558 2558.549976471113 873.0795222488607 2574.3460057092 876.1507753201164 2588.9344577976512 880.4505296198677 2601.0659074291 885.97878514812 2613.6580450213 893.34979251913 2629.0166393312 906.2490554183963 2637.6161479307007 914.6950013643414 2644.9871553017 923.7551979245368 2651.5903494048757 932.5082691776081 2656.3507916653 941.87559104493 2664.3360496506 962.57504487722 2667.4073027218747 986.5308188329994 2666.7930521075496 1006.1868384889989 2666.639489454025 1011.100843403 2665.8716761862493 1018.1647254668778 2663.7217990363 1026.6612791636 2658.500668815175 1038.9462914485496 2650.2082855228746 1051.8455543478242 2638.2303985449253 1064.7448172471 2634.8520201666 1069.351696854 2631.4736417882 1081.3295838319 2627.4810127955748 1089.6219671242748 2619.8028801174496 1099.2237440683 2612.124747439275 1106.2876261322 2600.1468604614 1113.3515081961 2588.1689734835495 1118.5726384172 2568.5319130136 1125.0222698669 2551.6400211218 1129.0148988595 2532.59825208 1132.0861519308 2502.5280849041 1136.3100694854 2491.31801119405 1137.2314454067753 2480.107937484 1137.5385707139 2460.7590431351 1138.4599466353 2434.9291833396746 1136.9243200996495 2411.0364188496 1134.1601923355 2393.2231510363 1131.0889392643 2343.1636740269 1121.2609294363 2326.4253447885503 1118.6503643256997 2309.6870155502 1117.2683004436 2305.0801359433 1117.4218630971873 2300.4732563364 1117.5754257507747 2275.9583192106957 1124.6924439709856 2275.3440685963988 1016.2772105558038 2275.0369432892485 1002.4565717351397 2275.0801380593 988.71220038155 </georss:polygon>
 <pubDate>Mon, 26 Mar 2012 22:22:12 +0000</pubDate>
 <dc:creator>adminhtdtadmin</dc:creator>
 <guid isPermaLink="false">91399 at http://www.innerbody.com</guid>
  </item>
  <item>
    <title>Anatomy Poly: NE-Female-Anterior 91077</title>
    <link>/node/91077</link>
     <georss:polygon xmlns:georss="http://www.georss.org/georss">2271.7526911167506 871.007371007372 2273.2883176523756 914.6191646191631 2273.5954429595 958.2309582309545 2273.441880305936 984.490171990169 2272.4437230577787 1005.297911547909 2273.9025682666233 1026.105651105649 2274.2096935737463 1066.9533169533138 2274.516818880874 1092.7518427518505 2273.5954429595 1126.5356265356443 2260.081929445902 1160.3194103194012 2252.7109220749157 1176.2899262899584 2245.9541653181623 1191.646191646215 2242.2686616326605 1201.47420147422 2239.8116591756598 1207.6167076167224 2235.5119048759148 1218.6732186732138 2084.406253770257 1205.77395577398 2004.5536739176746 1199.017199017237 1924.701094065092 1191.0319410319935 1881.3200934052 1185.7745337964 1848.1505602357001 1181.4747794966488 1813.752525837699 1177.7892758111484 1769.526481611623 1174.1037721256503 1750.484712569862 1172.8752708971506 1750.7150565502043 1147.6909957128769 1750.9454005305467 1117.592715614599 1751.482869818015 1091.4870645089495 1752.020339105482 1060.467408489296 1752.1739017590417 1003.9563519782437 1751.7132137983506 948.0595460814419 1749.8704619556 827.6664256883269 1789.1825012676 827.05217507407 1838.9368010219496 821.5239195458194 1916.9466290318046 811.6959097178105 1952.5731646582926 808.0104060323022 2072.966285051399 798.7966468185462 2239.7391051469 792.0398900617894 2254.517396903324 832.1378811488313 2263.1350440100373 851.2655007709764 2271.7526911167506 871.007371007372 </georss:polygon>
 <pubDate>Mon, 26 Mar 2012 17:55:24 +0000</pubDate>
 <dc:creator>adminhtdtadmin</dc:creator>
 <guid isPermaLink="false">91077 at http://www.innerbody.com</guid>
  </item>
  <item>
    <title>Anatomy Poly: NE-Female-Anterior 91091</title>
    <link>/node/91091</link>
     <georss:polygon xmlns:georss="http://www.georss.org/georss">2238.9084325296567 789.3120393120429 2230.0017986230287 769.0417690417744 2222.9379165591527 757.9852579852655 2210.9600295812284 742.3218673218728 2194.0681376893 727.2727272727307 2175.6406192618115 714.9877149877142 2157.673788794994 708.691646191645 2144.620963242181 706.0810810810796 2130.9538870751176 704.3918918918899 2112.4495873208257 704.1615479115458 2090.2597838810307 704.5454545454522 2028.2204718417 706.3882063882106 1962.4956561168501 706.0810810810859 1896.770840392 705.1597051597106 1861.7113395806014 703.0098280098294 1826.6518387692024 700.8599508599482 1744.9565070739516 692.2604422604481 1674.9319370493508 677.5184275184313 1619.0351311525 666.46191646192 1556.751701935101 658.7451358154613 1467.0711122545 650.14562721595 1374.9335201169 630.48960755993 1362.6485078319022 627.4183544886744 1328.2504734339 603.4625805329 1306.137451320899 588.72056579089 1284.2447789851 581.34955841988 1271.0383907786743 577.3569294272503 1260.2890050292506 572.1357992061194 1247.389742130002 562.3077893781144 1240.3258600661231 562.922039992363 1238.7902335305012 572.1357992061194 1241.2472359874998 576.7426788129989 1243.7042384444985 580.1210571913771 1252.303747043999 589.334816405136 1263.0531327933784 594.863071933395 1277.488022228261 600.3913274616539 1177.9794227196505 591.17756824789 1158.3234030636497 588.1063151766359 1144.1956389359043 586.8778139481342 1139.2816340218972 592.7131947835153 1141.7386364789 602.2340793044 1167.5371622774 608.37658544691 1197.0211917614495 615.1333422036656 1224.6624694027469 623.1186001889223 1235.1047298450012 629.2611063314305 1189.0359337761645 626.8041038744234 1146.0383907786634 628.6468557171776 1132.2177519580277 631.4109834813048 1129.300061540339 636.4785510488723 1128.839373579652 641.5461186164399 1129.6071868474583 645.2316223019434 1134.0605038007677 647.6886247589456 1159.5519042921517 648.3028753731955 1175.5224202626982 648.9171259874479 1194.5641893044972 650.7598778302015 1230.190724931 658.74513581546 1233.2619780022517 662.430639500961 1232.3406020808757 668.5731456434661 1227.7337224739965 669.801646871966 1201.9351966754548 671.0301481004705 1162.0089067491506 669.187396257722 1146.6526413928939 669.8016468719713 1145.4241401644013 679.0154060857294 1150.3381450783909 685.7721628424863 1176.7509214911506 688.8434159137394 1227.733722474 693.14317021349 1238.1759829162543 694.3716714419918 1239.4044841447505 701.1284281987494 1225.7374079776655 704.6603692306904 1209.6133293535786 704.5068065771285 1172.4511671914 700.5141775845 1168.765663505898 706.0424331127546 1169.9941647344021 712.1849392552606 1206.8492015895 718.9416960120187 1263.3602581005 720.17019724052 1294.6870394273005 718.3274453977707 1324.7853195256 715.25619232652 1366.5543612946 709.11368618401 1429.1320872031 720.17019724052 1501.6136596847 737.3692144395375 1577.7807358517 758.25373532406 1647.1910552620527 772.9957500660704 1706.5530150672 780.3667574370787 1780.5702140844 796.3372734076 1838.9240224382495 805.5510326213569 1905.5702140845056 807.3937844641084 1925.2262337405543 807.3937844641094 1944.2680027823526 806.7795338498598 2008.1500666644495 801.8655289358481 2056.7484192190477 798.4871505574715 2104.118270545145 795.7230227933455 2129.302545729443 795.1087721790977 2138.473183299375 794.7680872046224 2146.436880462718 794.2906194102599 2158.4039870296456 794.0518855130782 2169.1425923680717 793.8131516158966 2180.770232395002 792.8582160271707 2192.4194332438474 792.3807482328077 2202.0884902128146 791.9542559770916 2211.1432965675313 791.5277637213755 2221.2676512917083 790.6747792099435 2229.473791296432 789.9934092609932 2238.9084325296567 789.3120393120429 </georss:polygon>
 <pubDate>Mon, 26 Mar 2012 18:35:22 +0000</pubDate>
 <dc:creator>adminhtdtadmin</dc:creator>
 <guid isPermaLink="false">91091 at http://www.innerbody.com</guid>
  </item>
  <item>
    <title>Anatomy Poly: NE-Female-Anterior </title>
    <link>/node/90778</link>
     <georss:polygon xmlns:georss="http://www.georss.org/georss">1748.4917308225013 828.6240786240788 1712.865195196 827.39557739558 1672.3246546554 811.42506142506 1639.1551214859 799.1400491400539 1619.4991018299 792.99754299754 1580.1870625178 780.7125307125325 1533.4239051531 768.42751842752 1501.4828732121 762.28501228501 1449.8858216150052 753.6855036855026 1362.6622343915 743.8574938575 1291.4091631383963 975.4299754299783 1302.7727995020243 976.9656019656013 1315.3649370941548 990.7862407862376 1322.1216938509 1000.6142506143 1313.522185251399 1014.1277641277975 1309.8366815659 1019.0417690417975 1304.9226766519 1024.5700245700482 1292.6376643669 1026.4127764127986 1361.433733162947 1259.9540287594004 1419.1732909025 1253.5774469485962 1517.4533891825988 1237.606930978 1586.2494579787012 1222.864916236 1651.3600230892014 1201.9803953514975 1679.0013007305033 1190.3096336807473 1705.7212024504174 1180.174498545618 1721.3845931138203 1176.1818695529948 1732.1339788633052 1174.9533683245 1749.3329960623 1173.7248670959975 1748.2013038309744 1094.8206773490256 1750.7551152851524 1001.1744728600381 1749.6234230538269 917.3562781990611 1748.4917308225013 828.6240786240788 </georss:polygon>
 <pubDate>Mon, 26 Mar 2012 17:10:24 +0000</pubDate>
 <dc:creator>adminhtdtadmin</dc:creator>
 <guid isPermaLink="false">90778 at http://www.innerbody.com</guid>
  </item>
  <item>
    <title>Anatomy Poly: NE-Female-Anterior 91314</title>
    <link>/node/91314</link>
     <georss:polygon xmlns:georss="http://www.georss.org/georss">2234.284895429252 1220.2559637494905 2176.816185982454 1215.6490841425964 2112.5907197789 1209.813703307201 2065.293422481666 1205.513949007458 2033.9666411548835 1202.7498212433038 2002.6398598281012 1200.5999440934002 1955.3425625308 1196.914440407898 1933.500388710602 1195.68593917945 1886.8173420275 1195.0716885652 1852.4193076294912 1195.0716885652023 1832.1123702621 1196.3001897937 1788.5005766503 1203.6711971647 1745.5030336527936 1211.0422045356515 1721.547259697 1217.1847106782 1690.9514693062 1224.5557180492 1657.7819361366 1227.6269711205 1630.7549091096482 1231.9267254202516 1601.8851302398496 1238.0692315627011 1586.5288648836 1242.3689858625 1549.8941778059 1251.5827450761506 1513.6533915651505 1260.1822536757516 1470.0213752416 1272.1964176679 1428.8665840869 1282.0244274959516 1396.3113015316 1288.1669336385 1361.5966524146475 1293.6951891666995 1337.0266278446 1288.7811842527 1317.3706081886 1285.7099311815 1298.3288391468484 1282.6386781102508 1270.0733108913 1281.4101768817 1236.3920624833 1282.024427496 1202.6082786995 1283.2529287245 1173.1242492155 1286.93843241 1168.2102443014983 1290.00968548125 1166.981743073 1293.0809385525 1169.43874553 1296.766442238 1173.7384998297748 1298.91631938785 1179.2667553580504 1299.2234446949483 1206.293782385 1300.4519459235 1221.6500477413 1299.223444695 1237.0063130976012 1302.2946977662 1237.0063130975504 1307.2087026802 1228.4068044980504 1310.2799557514768 1219.1930452843 1311.50845698 1186.637762729001 1312.736958208501 1165.7532418445 1314.5797100512 1149.782725874 1317.5407882338 1143.333094424348 1321.8405425335495 1143.0259691172012 1327.9830486760507 1147.6328487240755 1331.9756776686763 1151.6254777167 1333.5113042043 1170.0529961443 1332.2828029758 1198.3085243997496 1332.2828029757989 1213.6647897561 1333.5113042043 1232.0923081836022 1334.7398054327998 1231.478057569349 1339.0395597326 1226.256927348204 1343.0321887252005 1214.893290984554 1347.639068332051 1174.352750444 1351.3245720176 1141.7974678887 1355.0100757030496 1133.197959289199 1356.238576931573 1128.2839543752011 1359.924080617099 1128.8982049894753 1368.2164639094765 1131.9694580607518 1370.366341059348 1149.1684752597 1372.8233435163 1174.9670010582495 1374.666095359099 1202.6082786995 1374.0518447448485 1224.7213008126032 1372.6601200979 1232.7065587978 1373.5006035962 1225.6426767339522 1378.1074832030763 1214.8932909846014 1380.25736035295 1187.8662639575 1385.7856158812 1157.767983859199 1394.9993750949502 1147.632848724098 1396.5350016305995 1139.9547160459988 1401.7561318517517 1139.3404654317487 1408.2057633013765 1144.2544703457538 1412.8126429082495 1152.8539789452 1414.041144136699 1176.809752901 1412.198392294 1194.31589540715 1410.66276575835 1213.050539141801 1408.5128886084494 1258.5050845963 1403.5988836945 1270.7900968813506 1403.598883694501 1262.8048388960995 1405.441635537224 1254.8195809108483 1409.7413898369498 1242.5345686258515 1420.1836502792 1240.0775661688485 1429.0902841858501 1240.6918167831 1436.1541662497482 1244.3773204685492 1439.2254193210001 1261.5763376676 1426.3261564217494 1284.9178610091 1417.7266478222 1307.0308831221 1412.198392293999 1332.8294089206483 1397.4563775519505 1350.0284261196484 1383.9428640384 1365.3846914759483 1374.1148542104 1371.8128489382475 1370.4293505249 1453.5081806336 1355.6873357829 1485.9843437272 1350.7733308689 1560.3086680515 1341.5595716551 1625.5493964566285 1333.5743136698968 1704.787725695 1317.6037976994 1741.0285119358 1309.0042890998989 1780.8376719999 1302.2475323431 1832.5448984855504 1301.0190311146496 1884.4836582821 1297.9477780434 1932.3952061937 1296.7192768148495 1964.950488749 1294.2622743578495 2079.3099904041505 1297.3335274291494 2107.76020667275 1298.6974528040507 2121.9853148070497 1297.8437889558754 2135.596172327099 1296.9901251077 2150.491749722677 1295.147373264926 2165.3873271182556 1290.8476189651499 2179.207965938899 1284.0908622083496 2200.399612130578 1269.3488474663482 2214.2202509512504 1255.2210833385977 2224.5596984973763 1241.4240272295478 2230.34367288469 1230.8399954895192 2234.284895429252 1220.2559637494905 </georss:polygon>
 <pubDate>Mon, 26 Mar 2012 19:37:42 +0000</pubDate>
 <dc:creator>adminhtdtadmin</dc:creator>
 <guid isPermaLink="false">91314 at http://www.innerbody.com</guid>
  </item>
  </channel>
</rss>