<?xml version="1.0" encoding="utf-8" ?><rss version="2.0" xml:base="http://www.innerbody.com/anatomy_image/88763/2/feed" xmlns:georss="http://www.georss.org/georss" xmlns:gml="http://www.opengis.net/gml" xmlns:dc="http://purl.org/dc/elements/1.1/">
  <channel>
    <title></title>
    <link>http://www.innerbody.com/anatomy_image/88763/2/feed</link>
    <description></description>
    <language>en</language>
          <item>
    <title>Anatomy Poly: SK-Female-Anterior </title>
    <link>/node/89665</link>
     <georss:polygon xmlns:georss="http://www.georss.org/georss">1297.0132252751 1025.5639545202 1409.7282129899952 1253.7580577142 1360.58816385 1258.057812014 1329.2613825232 1259.2863132425 1232.3433597191 1258.3649373211 1129.1492565249976 1243.6229225790962 1070.1811975569 1227.6524066086 935.8491877238549 1200.6253795816026 861.41468851087 1200.6253795816 845.44417254036 1195.7113746676 811.04613814232 1199.3968783531 734.50577157473 1204.9251338812962 603.0561401251013 1197.5541265102988 454.40749147645 1174.2126031688 323.99112429483 1166.8415957978 274.5477281740397 1165.6130945693012 240.149693776005 1169.9128488690558 215.57966920598 1164.3845933408 196.53790016421186 1166.8415957977859 135.72708935339674 1183.4263623825316 129.0471139234213 1194.4828734390446 114.99613112243856 1200.6253795815535 104.89938665069415 1201.8538808100557 97.39401195781952 1202.1610061171814 92.41282338288099 1201.0860675422432 89.88863726494489 1197.554126510303 89.0056520069596 1191.1044950606736 90.57966920597674 1185.8833648395453 85.81922694553452 1179.4337333899198 87.2012908275984 1172.9841019402945 80.44453407084163 1169.7592862154822 79.21603284234031 1160.3919643481645 85.35853898484628 1152.7138316700384 85.358538984846 1148.4140773702968 80.1374087637159 1147.492701448924 76.14477977108697 1139.8145687707952 77.987531613839 1133.0578120140462 82.74797387428117 1126.7617432179604 81.36590999221728 1112.480416436618 76.29834242464973 1108.6413500975348 74.91627854258583 1102.3452813014494 72.15215077845811 1091.4423328985056 75.53052915683642 1082.9963869525639 86.58704021334735 1075.3182542744387 100.1005537268607 1072.2470012031995 123.59563972194681 1070.1739053801045 140.94821957452686 1077.9288193850184 151.0833547096625 1073.782627738828 205.75165937796805 1076.546755502958 219.26517289147915 1072.8612518174525 228.78605741236245 1070.40424936045 241.9924456187494 1068.561497517698 270.2479738742788 1075.3182542744507 299.1177527440588 1079.6180085742012 358.08581171212 1083.3035122596975 559.56001318632 1058.7334876897 627.1275807538889 1050.7482297044508 694.6951483214576 1047.6769766332063 749.9777036040139 1053.8194827757013 805.26025888657 1062.4189913751986 860.1447729788304 1053.8194827756918 886.3585287964593 1051.3624803186901 912.5722846140883 1051.362480318691 1014.9703054276015 1046.4484754046896 1192.488732946 1031.7064606626 1297.0132252751 1025.5639545202 </georss:polygon>
 <pubDate>Sun, 25 Mar 2012 23:33:01 +0000</pubDate>
 <dc:creator>adminhtdtadmin</dc:creator>
 <guid isPermaLink="false">89665 at http://www.innerbody.com</guid>
  </item>
  <item>
    <title>Anatomy Poly: SK-Female-Anterior </title>
    <link>/node/89647</link>
     <georss:polygon xmlns:georss="http://www.georss.org/georss">2244.6479979338 810.1965601965562 2243.4194967053 1194.7174447174 2072.6578259436 1191.0319410319 2013.6897669755065 1193.4889434889 2001.4047546905028 1192.8746928746725 1982.977236262993 1195.9459459459488 1958.407211692986 1195.945945945995 1917.8666711525 1188.5749385749 1823.1266326686987 1177.5184275183963 1735.757601555905 1173.8329238329 1735.7576015559077 829.8525798525839 1820.5241863225 826.1670761670787 1915.1187809171 813.88206388206 1945.831311629595 808.968058968055 1963.0303288286 808.96805896806 2030.5978963962 808.96805896806 2178.680296507 812.65356265356 2244.6479979338 810.1965601965562 </georss:polygon>
 <pubDate>Sun, 25 Mar 2012 19:57:14 +0000</pubDate>
 <dc:creator>adminhtdtadmin</dc:creator>
 <guid isPermaLink="false">89647 at http://www.innerbody.com</guid>
  </item>
  <item>
    <title>Anatomy Poly: SK-Female-Anterior </title>
    <link>/node/89655</link>
     <georss:polygon xmlns:georss="http://www.georss.org/georss">2244.9192575451507 809.2751842751894 2218.4572435277605 808.7377149877204 2191.9952295103703 809.4287469287528 2145.2137076180948 808.3538083538151 2106.417443711076 808.2002457002532 2067.6211798040576 806.81818181819 2024.4081805073206 805.5896805896881 2011.816042915188 806.2039312039353 1997.995404094554 805.5896805896813 1975.2681313673463 805.5896805896838 1961.4474925466989 805.8968058968112 1926.7423328415298 806.2039312039387 1895.0038805634183 807.43243243244 1847.2949123147903 806.2039312039387 1782.3209829004763 795.7616707616776 1698.9195350586463 777.9484029484088 1621.2465507517463 769.0417690417687 1446.1851256903958 722.9729729729794 1368.7895482947993 708.230958230962 1339.9197694250518 711.30221130222 1277.2662067714464 722.3587223587288 1174.0721035773574 714.9877149877162 1168.0831600884137 713.1449631449644 1165.3958136510673 710.9950859950872 1163.9369684422218 707.6167076167087 1166.16362691888 703.6240786240796 1168.3902853955383 702.0884520884531 1173.4578529631049 701.4742014742026 1225.0549045601863 700.8599508599593 1235.1900396953197 698.7100737100797 1237.9541674594464 695.3316953316987 1220.755150260418 690.1105651105709 1158.1015876068475 688.5749385749468 1150.7305802358476 687.3464373464432 1145.8165753218498 684.8894348894381 1142.438196943475 682.7395577395623 1137.9848799901604 678.2862407862459 1139.674069179351 675.0614250614307 1145.5094500147288 670.1474201474267 1151.9590814643575 668.3046683046758 1218.9123984176806 668.9189189189273 1227.2047817100633 668.3046683046739 1234.2686637739453 662.7764127764156 1210.3128898180958 654.7911547911549 1167.315346820599 649.8771498771549 1133.5315630368473 646.8058968059017 1126.7748062800913 641.8918918918974 1124.9320544373395 635.1351351351411 1126.1605556658408 632.371007371014 1136.6028161081 630.835380835388 1185.1286146338452 624.6928746928794 1221.9836514888411 627.7641277641349 1229.0475335527667 628.6855036855071 1235.497165002442 624.6928746928743 1149.5020790073463 606.8796068796087 1142.7453222505942 604.8832923832961 1138.4455679508442 599.2014742014796 1135.9885654938455 595.3624078624151 1137.2170667223504 590.2948402948493 1143.9738234790989 585.6879606879677 1148.2735777788453 585.9950859950911 1166.7010962063464 587.2235872235888 1226.8976564028453 595.2088452088492 1248.7035532087764 597.0515970515997 1265.5954451007033 598.2800982800998 1258.5315630368286 594.5945945945974 1244.0966736019475 583.5380835380874 1238.8755433808208 574.6314496314546 1239.7969193022 565.724815724822 1241.3325458378222 560.8108108108181 1245.3251748304463 559.5823095823181 1259.7600642653156 573.7100737100824 1289.5512190564484 584.152334152343 1308.439425444663 588.7592137592202 1322.4136269188732 598.894348894353 1350.3620298672938 615.4791154791151 1359.5757890810419 625.0000000000005 1371.2465507517918 629.6068796068807 1400.1163296215464 636.3636363636388 1524.502079007295 656.3267813267842 1651.3448308500456 671.3759213759243 1676.2219807271954 677.8255528255571 1702.3276318328462 683.0466830466887 1735.3509088607582 691.876535626541 1770.8311883456727 695.7923832923881 1809.8507153744727 697.481572481576 1867.2977608307892 702.2420147420171 1922.2878038301033 704.5454545454555 2019.3394008817002 704.8525798525822 2116.390997933297 702.7027027027062 2136.354142896468 704.5454545454594 2155.088786631138 708.2309582309645 2173.516305058639 716.2162162162201 2187.644069186386 724.8157248157264 2202.078958621265 735.5651105651123 2214.056845599142 748.7714987715007 2224.2294510426464 763.1296068796096 2231.945054029148 778.7162162162198 2238.4321557871494 792.7671990172033 2244.9192575451507 809.2751842751894 </georss:polygon>
 <pubDate>Sun, 25 Mar 2012 21:50:35 +0000</pubDate>
 <dc:creator>adminhtdtadmin</dc:creator>
 <guid isPermaLink="false">89655 at http://www.innerbody.com</guid>
  </item>
  <item>
    <title>Anatomy Poly: SK-Female-Anterior </title>
    <link>/node/89663</link>
     <georss:polygon xmlns:georss="http://www.georss.org/georss">1413.4283251240533 748.7714987714975 1300.40621210185 976.0442260442295 1273.3791850748498 973.2800982800994 1246.9664086621 971.13022113022 1206.4258681215654 970.5159705159699 1165.8853275810307 967.4447174447172 1073.7477354434518 957.6167076167081 980.59622156099 953.3169533169562 889.28745952128 952.0884520884574 811.85396375312 941.0319410319413 767.9350448342002 942.8746928746937 721.559123458278 949.6314496314512 683.7827106818646 953.3169533169556 646.0062979054512 953.3169533169562 534.21268611184 939.80343980344 411.7811261310164 921.3759213759238 301.3611236234 920.14742014742 254.6780769403571 932.4324324324324 226.42254868482476 928.132678132678 199.39552165779364 927.5184275184274 177.89675015902182 927.5184275184274 156.39797866025 928.132678132678 139.19896146123514 924.7542997543025 124.45694671922271 931.8181818181869 97.42991969219588 930.5896805896858 81.45940372168009 925.368550368554 74.08839635067291 915.847665847668 71.93851920079577 903.5626535626542 74.70264696492352 894.9631449631443 81.4594037216802 886.9778869778837 81.45940372168042 874.0786240786232 77.15964942192605 868.5503685503675 76.54539880767533 860.5651105651093 79.00240126467756 853.8083538083524 86.37340863568464 850.7371007370994 78.38815065042695 843.6732186732197 77.46677472905114 839.2199017199039 79.00240126467776 834.766584766588 81.45940372167999 831.0810810810818 86.98765924993528 827.3955773955757 85.1449074071836 822.328009828008 85.14490740718378 818.4889434889416 90.6731629354396 813.8820638820619 87.90903517131156 805.8968058968036 92.51591477819083 800.368550368548 99.27267153494691 795.4545454545432 105.10805237032906 795.4545454545469 112.78618504846307 797.2972972973025 123.22844549072369 804.6683046683052 146.56996883224485 819.4103194103228 176.97537423765044 828.9312039312067 207.38077964305606 835.995085995088 218.13016539244217 835.6879606879619 231.33655359883073 832.9238329238333 332.0736543359316 832.3095823095824 447.5527698150475 823.0958230958227 687.1105093727874 794.8402948402926 767.0235424473838 795.4545454545431 846.93657552198 802.2113022113 900.9906295760363 799.1400491400506 952.58768117309 797.911547911553 1176.1749047603 750.6142506142526 1219.9640277580997 744.4717444717462 1262.5246495273982 742.0147420147437 1348.8743942944961 743.243243243245 1413.4283251240533 748.7714987714975 </georss:polygon>
 <pubDate>Sun, 25 Mar 2012 23:20:27 +0000</pubDate>
 <dc:creator>adminhtdtadmin</dc:creator>
 <guid isPermaLink="false">89663 at http://www.innerbody.com</guid>
  </item>
  <item>
    <title>Anatomy Poly: SK-Female-Anterior </title>
    <link>/node/89657</link>
     <georss:polygon xmlns:georss="http://www.georss.org/georss">2244.450601969201 1195.8591704160506 2082.2884398070014 1195.859170416051 2047.390837410405 1196.4734210303266 2018.0214905420648 1197.7019222588528 2000.6689106895024 1200.4660500229663 1990.6873382079473 1202.0016765585785 1967.6529401735834 1202.0016765585474 1955.7921830578666 1201.0803006371991 1939.0174210281448 1197.7019222588483 1928.5751605858957 1196.1662957232002 1904.6193866301267 1196.9341089910013 1892.9486249593701 1195.2449198017998 1852.8863540687 1194.9377944947 1779.1762803586 1205.3800549369485 1717.5488322081 1219.5078190647 1666.4901944800515 1228.7215782784485 1651.456887318285 1230.5643301212426 1564.5562582892 1247.7633473203 1464.4144489801 1276.0188755758 1378.2460673681 1291.9893915463 1362.991595926102 1293.2178927747966 1345.7236735835 1288.3038878608 1335.28141314125 1286.7682613251727 1324.839152699 1287.0753866322968 1310.097137957 1284.6183841753 1280.6131084729 1282.1613817183031 1252.8616505964 1283.3898829468 1213.5496112843 1280.9328804898 1170.5520682868034 1284.6183841752988 1165.6380633728006 1287.6896372465474 1163.1810609158 1295.6748952318 1165.023812758549 1299.9746495315512 1169.3235670583 1301.8174013743 1216.0066137413 1301.8174013743 1228.2916260263 1304.2744038313 1238.1196358543 1309.1884087453 1188.3653361000527 1312.2596618165546 1152.1245498592064 1314.7166642735485 1142.910790645449 1323.9304234873484 1144.1392918739502 1330.0729296298746 1150.8960486307067 1333.7584333153989 1193.8935916282564 1333.758433315398 1229.5201272548 1335.6011851581484 1235.0483827830535 1338.3653129222726 1229.5201272547974 1343.586443143399 1179.1515768863 1349.7289492859 1138.6110363457 1355.8714554284 1130.0115277462 1358.9427084996478 1127.247399982076 1364.163838720775 1130.0115277462078 1369.9992195561529 1134.1577193924168 1373.3775979345287 1141.3751641098781 1374.9132244701532 1155.8100535448011 1373.6847232416483 1194.8149675496743 1374.6060991630247 1233.8198815545475 1372.4562220131484 1238.1196358543023 1376.1417256986463 1169.3235670583 1391.8753197852 1145.9820437167 1400.4748283847 1140.453788188449 1402.3175802274461 1137.9967857314484 1406.9244598343225 1139.2252869599515 1411.531339441199 1145.0606677953763 1415.8310937409512 1152.124549859302 1415.8310937409494 1220.3063680410487 1407.2315851414446 1251.6331493679 1403.5460814559508 1259.004156738899 1404.160332070202 1268.2179159526495 1401.703329613201 1271.2891690239073 1402.9318308416946 1250.4046481393123 1413.3740912839442 1243.4175474022131 1417.3667202765705 1241.9587021933685 1423.2021011119484 1240.8837636184307 1429.3446072544496 1239.962387697057 1433.6443615541934 1240.8837636184278 1439.7868676966973 1243.6478913825506 1441.0153689251968 1252.861650596325 1433.0301109399456 1263.918161652851 1426.2733541831956 1281.7314294661494 1419.5165974264517 1312.4439601786562 1411.2242141340728 1337.628235362908 1394.9465728564367 1352.984500719242 1380.8188087286976 1369.569267304001 1370.3765482864505 1405.1958029305 1368.5337964437 1467.8137414895 1352.5632804731 1589.6753047573 1340.2782681881 1641.8866069685996 1331.678759588601 1695.3264104084 1320.6222485321 1727.2674423494 1310.7942387041 1772.961739598048 1304.958857868723 1823.5700417607004 1301.580479490348 1918.6441399435 1297.2807251906 2061.7645330638493 1296.6664745763505 2089.760469477198 1300.3519782618519 2120.8276589618 1299.7377276475988 2145.090558224726 1295.7450986549754 2168.1249562591506 1289.2954672053502 2186.552474686656 1280.6959586058251 2204.36574249991 1267.7966957065462 2218.4935066276507 1253.6689315787485 2231.278849259106 1232.766859838443 2239.764437590808 1210.0220362553862 2244.450601969201 1195.8591704160506 </georss:polygon>
 <pubDate>Sun, 25 Mar 2012 22:13:26 +0000</pubDate>
 <dc:creator>adminhtdtadmin</dc:creator>
 <guid isPermaLink="false">89657 at http://www.innerbody.com</guid>
  </item>
  <item>
    <title>Anatomy Poly: SK-Female-Anterior </title>
    <link>/node/89649</link>
     <georss:polygon xmlns:georss="http://www.georss.org/georss">1731.9073933936 828.62407862408 1733.1358946221 1175.0614250614 1703.651865138 1179.9754299754 1670.4823319685013 1191.0319410319012 1630.9638528260848 1207.0024570025012 1559.71078157309 1227.8869778870012 1477.8418988181 1245.085995086 1435.2869052740039 1251.2285012284963 1416.8593868465 1252.4570024569975 1302.6087725958 1026.4127764127986 1313.6652836524 1014.1277641278 1319.8077897949026 1004.2997542998 1319.8077897949038 995.0859950860369 1313.6652836523988 988.3292383292762 1303.8372738244 978.50122850127 1416.2451362322 748.15724815725 1485.0412050283 760.44226044226 1568.5792885664 778.8697788697762 1614.03383402095 790.5405405405405 1659.4883794755 807.12530712531 1671.7733917604937 812.0393120393112 1696.3434163305 821.8673218673174 1731.9073933936 828.62407862408 </georss:polygon>
 <pubDate>Sun, 25 Mar 2012 20:17:59 +0000</pubDate>
 <dc:creator>adminhtdtadmin</dc:creator>
 <guid isPermaLink="false">89649 at http://www.innerbody.com</guid>
  </item>
  <item>
    <title>Anatomy Poly: SK-Female-Anterior </title>
    <link>/node/89645</link>
     <georss:polygon xmlns:georss="http://www.georss.org/georss">2249.5576189034 914.12097200021 2249.5576189034 1088.5681464474 2302.383171728999 1120.5091783883975 2316.11008004635 1118.6664265456482 2328.6084871352 1118.0521759314 2436.716595243302 1138.9366968158988 2481.480108756852 1138.3224462016508 2525.0151210419012 1134.0226919018987 2568.0126640394 1124.1946820739 2601.969998882897 1113.1381710174012 2621.626018538898 1098.3961562753975 2628.382775295649 1089.7966476759013 2633.911030823899 1078.7401366194026 2635.1395320524 1071.3691292484 2657.2525541654 1043.1136009928 2668.309065221902 1011.1725690518012 2668.616190529029 992.4379253171575 2666.466313379154 973.7032815825137 2657.2525541654 939.91949779873 2640.053536966401 916.5779744572075 2615.483512396396 896.9219548011887 2579.8569767698527 878.4944363736705 2536.859433772303 868.6664265456612 2503.689900602799 871.1234290026687 2478.5056254185 866.2094240886637 2450.864347777199 863.7524216316613 2404.1813010942 868.66642654566 2365.114478611499 877.2659351451674 2308.160872646903 866.2094240886587 2249.5576189034 914.12097200021 </georss:polygon>
 <pubDate>Sun, 25 Mar 2012 19:33:25 +0000</pubDate>
 <dc:creator>adminhtdtadmin</dc:creator>
 <guid isPermaLink="false">89645 at http://www.innerbody.com</guid>
  </item>
  </channel>
</rss>